1 LiAlP2S6 1.7157619592228623 0.3491666666666666 2.8333333333333335 0.9883333333333333 1.61 1.675
2 LiAlP2Se6 1.5578893828795497 0.2716666666666667 2.8333333333333335 0.9333333333333332 1.61 1.675
3 LiScP2S6 2.664057419767745 0.8866666666666666 2.8333333333333335 1.0116666666666667 1.61 2.75
4 LiScP2Se6 2.422936544104705 0.8091666666666667 2.8333333333333335 0.9566666666666667 1.61 2.75
5 LiTiP2S6 2.78900613412614 0.8016666666666666 2.6666666666666665 0.9516666666666667 1.61 2.58
6 LiTiP2Se6 2.5370859387352085 0.7241666666666667 2.6666666666666665 0.8966666666666665 1.61 2.58
7 LiVP2S6 3.036935866553822 0.7266666666666667 2.5 0.8916666666666666 1.61 2.43
8 LiVP2Se6 2.7635870997343184 0.6491666666666668 2.5 0.8366666666666669 1.61 2.43
9 LiCrP2S6 3.0231619925300617 0.7316666666666666 2.6666666666666665 0.9283333333333333 1.61 2.44
10 LiCrP2Se6 2.7510037019010345 0.6541666666666667 2.6666666666666665 0.8733333333333334 1.61 2.44
11 LiMnP2S6 2.3748060652687832 0.6216666666666667 3.1666666666666665 0.9216666666666665 1.61 2.22
12 LiMnP2Se6 2.1586851896057424 0.5441666666666668 3.1666666666666665 0.8666666666666668 1.61 2.22
13 LiFeP2S6 2.665041267912299 0.5666666666666665 3.6666666666666665 0.9833333333333334 1.61 2.11
14 LiFeP2Se6 2.4238353582356535 0.4891666666666666 3.6666666666666665 0.9283333333333333 1.61 2.11
15 LiCoP2S6 2.6217519495519106 0.5216666666666666 4.166666666666667 0.975 1.61 2.02
16 LiCoP2Se6 2.3842875364739036 0.44416666666666665 4.166666666666667 0.9199999999999999 1.61 2.02
17 LiNiP2S6 2.5823980237697386 0.6016666666666667 4.666666666666667 0.9683333333333332 1.61 2.18
18 LiNiP2Se6 2.34833497123595 0.5241666666666668 4.666666666666667 0.9133333333333334 1.61 2.18
19 LiGaP2S6 1.8262028194188655 0.3591666666666667 2.8333333333333335 0.9783333333333334 1.61 1.695
20 LiGaP2Se6 1.7929839329343347 0.28166666666666673 2.8333333333333335 0.9233333333333332 1.61 1.695
21 LiYP2S6 2.6266711902746818 0.9816666666666666 2.8333333333333335 1.0266666666666666 1.61 2.94
22 LiYP2Se6 2.388781607128648 0.9041666666666668 2.8333333333333335 0.9716666666666667 1.61 2.94
23 LiZrP2S6 2.975937281591456 0.9241666666666668 2.6666666666666665 0.9783333333333334 1.61 2.825
24 LiZrP2Se6 2.7078606236154896 0.8466666666666668 2.6666666666666665 0.9233333333333332 1.61 2.825
25 LiNbP2S6 3.6075677903953114 0.8916666666666665 2.5 0.9233333333333333 1.61 2.76
26 LiNbP2Se6 3.2848992956846526 0.8141666666666666 2.5 0.8683333333333335 1.61 2.76
27 LiMoP2S6 3.7256295677418265 0.8716666666666667 2.6666666666666665 0.9383333333333334 1.61 2.72
28 LiMoP2Se6 3.392756991398514 0.7941666666666668 2.6666666666666665 0.8833333333333334 1.61 2.72
29 LiTcP2S6 3.315364891462686 0.8366666666666666 3.1666666666666665 0.8983333333333333 1.61 2.65
30 LiTcP2Se6 3.017951498792843 0.7591666666666667 3.1666666666666665 0.8433333333333334 1.61 2.65
31 LiRuP2S6 3.5386984202765106 0.8141666666666666 3.6666666666666665 0.9333333333333332 1.61 2.605
32 LiRuP2Se6 3.2219823065182323 0.7366666666666667 3.6666666666666665 0.8783333333333333 1.61 2.605
33 LiRhP2S6 3.0851444256369818 0.7716666666666666 4.166666666666667 0.93 1.61 2.52
34 LiRhP2Se6 2.8076289921508124 0.6941666666666667 4.166666666666667 0.875 1.61 2.52
35 LiPdP2S6 2.675863597502397 0.7366666666666668 4.666666666666667 0.915 1.61 2.45
36 LiPdP2Se6 2.4337223136760904 0.6591666666666668 4.666666666666667 0.86 1.61 2.45
37 LiInP2S6 2.6266711902746818 0.5366666666666666 2.8333333333333335 0.9899999999999999 1.61 2.05
38 LiInP2Se6 2.388781607128648 0.45916666666666667 2.8333333333333335 0.9350000000000002 1.61 2.05
39 LiSbP2S6 1.7707233045124475 0.39416666666666655 2.5 0.9049999999999999 1.61 1.765
40 LiSbP2Se6 1.6068133132031486 0.31666666666666665 2.5 0.8500000000000002 1.61 1.765
41 LiLaP2S6 2.056039266433192 1.0516666666666665 2.8333333333333335 1.0366666666666666 1.61 3.08
42 LiLaP2Se6 1.867469411178315 0.9741666666666666 2.8333333333333335 0.9816666666666668 1.61 3.08
43 LiCeP2S6 1.9419128816648943 1.7616666666666667 2.8333333333333335 1.0783333333333334 1.61 4.5
44 LiCeP2Se6 1.7632069719882484 1.6841666666666664 2.8333333333333335 1.0233333333333334 1.61 4.5
45 LiPrP2S6 2.0707969886015065 1.751666666666667 2.8333333333333335 1.0783333333333334 1.61 4.48
46 LiPrP2Se6 1.8809516231425478 1.6741666666666666 2.8333333333333335 1.0233333333333334 1.61 4.48
47 LiNdP2S6 2.1583594734668385 1.5066666666666668 2.8333333333333335 1.0616666666666668 1.61 3.99
48 LiNdP2Se6 1.9609460807969956 1.429166666666667 2.8333333333333335 1.0066666666666666 1.61 3.99
49 LiPmP2S6 2.1613110179005015 1.5066666666666668 2.8333333333333335 1.07 1.61 3.99
50 LiPmP2Se6 1.963642523189842 1.429166666666667 2.8333333333333335 1.0150000000000003 1.61 3.99
51 LiSmP2S6 2.2055841844054447 1.5816666666666663 2.8333333333333335 1.0616666666666668 1.61 4.14
52 LiSmP2Se6 2.00408915908254 1.5041666666666664 2.8333333333333335 1.0066666666666666 1.61 4.14
53 LiEuP2S6 1.964541388989643 1.4816666666666667 2.8333333333333335 1.07 1.61 3.94
54 LiEuP2Se6 1.7838796970000719 1.4041666666666668 2.8333333333333335 1.0150000000000003 1.61 3.94
55 LiGdP2S6 2.4417077390984745 1.4666666666666668 2.8333333333333335 1.0783333333333334 1.61 3.91
56 LiGdP2Se6 2.2198045505102644 1.3891666666666664 2.8333333333333335 1.0233333333333334 1.61 3.91
57 LiTbP2S6 2.484997057458864 1.456666666666667 2.8333333333333335 1.0616666666666668 1.61 3.89
58 LiTbP2Se6 2.2593523722720135 1.3791666666666667 2.8333333333333335 1.0066666666666666 1.61 3.89
59 LiDyP2S6 2.5351733128311325 1.3466666666666667 2.8333333333333335 1.07 1.61 3.67
60 LiDyP2Se6 2.305191892950405 1.2691666666666666 2.8333333333333335 1.0150000000000003 1.61 3.67
61 LiHoP2S6 2.588301112637064 1.3366666666666667 2.8333333333333335 1.0616666666666668 1.61 3.65
62 LiHoP2Se6 2.353727856021643 1.2591666666666668 2.8333333333333335 1.0066666666666666 1.61 3.65
63 LiErP2S6 2.623719645841019 1.3266666666666664 2.8333333333333335 1.0616666666666668 1.61 3.63
64 LiErP2Se6 2.386085164735802 1.2491666666666665 2.8333333333333335 1.0066666666666666 1.61 3.63
65 LiTmP2S6 2.670944356779625 1.3116666666666668 2.8333333333333335 1.0616666666666668 1.61 3.6
66 LiTmP2Se6 2.4292282430213463 1.2341666666666669 2.8333333333333335 1.0066666666666666 1.61 3.6
67 LiYbP2S6 1.9517513631104373 1.3066666666666664 2.8333333333333335 1.0783333333333334 1.61 3.59
68 LiYbP2Se6 1.7721951132977372 1.2291666666666665 2.8333333333333335 1.0233333333333334 1.61 3.59
69 LiLuP2S6 2.7791676526805973 1.1966666666666665 2.8333333333333335 1.0616666666666668 1.61 3.37
70 LiLuP2Se6 2.52809779742572 1.1191666666666666 2.8333333333333335 1.0066666666666666 1.61 3.37
71 LiHfP2S6 3.0959667552270793 0.9666666666666667 2.6666666666666665 0.9733333333333333 1.61 2.91
72 LiHfP2Se6 2.8175159475912497 0.8891666666666668 2.6666666666666665 0.9183333333333336 1.61 2.91
73 LiTaP2S6 4.0994918626724575 0.9066666666666667 2.5 0.9383333333333334 1.61 2.79
74 LiTaP2Se6 3.7343063611590774 0.8291666666666667 2.5 0.8833333333333334 1.61 2.79
75 LiWP2S6 4.473354157603089 0.8791666666666665 2.6666666666666665 0.9633333333333333 1.61 2.735
76 LiWP2Se6 4.075855730919641 0.8016666666666666 2.6666666666666665 0.9083333333333335 1.61 2.735
77 LiReP2S6 4.136878092165521 0.8516666666666667 3.1666666666666665 0.9183333333333333 1.61 2.68
78 LiReP2Se6 3.768461298135134 0.7741666666666668 3.1666666666666665 0.8633333333333336 1.61 2.68
79 LiOsP2S6 4.325776935919945 0.8366666666666666 3.6666666666666665 0.9533333333333333 1.61 2.65
80 LiOsP2Se6 3.9410336112773128 0.7591666666666667 3.6666666666666665 0.8983333333333334 1.61 2.65
81 LiIrP2S6 3.565262320179477 0.8256666666666667 4.166666666666667 0.9499999999999998 1.61 2.628
82 LiIrP2Se6 3.2462502880538513 0.7481666666666668 4.166666666666667 0.8950000000000001 1.61 2.628
83 LiPtP2S6 2.892310189304341 0.8616666666666668 4.666666666666667 0.9433333333333334 1.61 2.7
84 LiPtP2Se6 2.6314614224848376 0.7841666666666668 4.666666666666667 0.8883333333333333 1.61 2.7
85 LiTlP2S6 3.145159162454794 0.6291666666666665 2.8333333333333335 0.98 1.61 2.235
86 LiTlP2Se6 2.862456654138693 0.5516666666666666 2.8333333333333335 0.9250000000000002 1.61 2.235
87 LiBiP2S6 1.5801545843653713 0.5101666666666667 2.5 0.9049999999999999 1.61 1.997
88 LiBiP2Se6 1.4466867699268207 0.43266666666666675 2.5 0.8500000000000002 1.61 1.997
89 LiAuP2S6 2.1967295511044562 0.8416666666666667 5.166666666666667 1.0633333333333332 1.61 2.66
90 LiAuP2Se6 1.9959998319040004 0.7641666666666668 5.166666666666667 1.0083333333333335 1.61 2.66
91 LiBP2S6 3.145159162454794 0.43583333333333335 2.8333333333333335 0.945 1.61 0.785
92 LiBP2Se6 2.862456654138693 0.4200000000000001 2.8333333333333335 0.8900000000000002 1.61 0.785
93 NaAlP2S6 1.8360903449469117 0.8474999999999998 2.8333333333333335 0.9933333333333332 2.65 1.675
94 NaAlP2Se6 1.7352692638262912 0.7700000000000001 2.8333333333333335 0.9383333333333335 2.65 1.675
95 NaScP2S6 2.863607932976676 1.0599999999999998 2.8333333333333335 1.0166666666666666 2.65 2.75
96 NaScP2Se6 2.6795385525363273 0.9824999999999999 2.8333333333333335 0.9616666666666666 2.65 2.75
97 NaTiP2S6 2.998833675108902 0.9983333333333332 2.6666666666666665 0.9566666666666667 2.65 2.58
98 NaTiP2Se6 2.803964974940662 0.9208333333333333 2.6666666666666665 0.9016666666666667 2.65 2.58
99 NaVP2S6 3.2671556201271765 0.9733333333333333 2.5 0.8966666666666665 2.65 2.43
100 NaVP2Se6 3.050858348530365 0.8958333333333334 2.5 0.8416666666666668 2.65 2.43
101 NaCrP2S6 3.2522488454039387 0.975 2.6666666666666665 0.9333333333333332 2.65 2.44
102 NaCrP2Se6 3.0371420499976036 0.8975 2.6666666666666665 0.8783333333333333 2.65 2.44
103 NaMnP2S6 2.55056566378869 0.9383333333333334 3.1666666666666665 0.9266666666666664 2.65 2.22
104 NaMnP2Se6 2.391496283348341 0.8608333333333333 3.1666666666666665 0.8716666666666667 2.65 2.22
105 NaFeP2S6 2.8646727025997643 0.9199999999999999 3.6666666666666665 0.9883333333333333 2.65 2.11
106 NaFeP2Se6 2.6805182881458105 0.8424999999999999 3.6666666666666665 0.9333333333333332 2.65 2.11
107 NaCoP2S6 2.8178228391838758 0.9049999999999999 4.166666666666667 0.9799999999999999 2.65 2.02
108 NaCoP2Se6 2.6374099213285604 0.8275000000000001 4.166666666666667 0.9250000000000002 2.65 2.02
109 NaNiP2S6 2.7752320542603397 0.9316666666666666 4.666666666666667 0.9733333333333332 2.65 2.18
110 NaNiP2Se6 2.5982204969492426 0.8541666666666666 4.666666666666667 0.9183333333333333 2.65 2.18
111 NaGaP2S6 1.8341000245515005 0.8508333333333331 2.8333333333333335 0.9833333333333333 2.65 1.695
112 NaGaP2Se6 1.8579326332896622 0.7733333333333333 2.8333333333333335 0.9283333333333333 2.65 1.695
113 NaYP2S6 2.8231466872993174 1.155 2.8333333333333335 1.0316666666666665 2.65 2.94
114 NaYP2Se6 2.642308599375976 1.0775 2.8333333333333335 0.9766666666666666 2.65 2.94
115 NaZrP2S6 3.201139903495696 1.0975 2.6666666666666665 0.9833333333333333 2.65 2.825
116 NaZrP2Se6 2.9901147407424222 1.02 2.6666666666666665 0.9283333333333333 2.65 2.825
117 NaNbP2S6 3.8847220015184423 1.0649999999999997 2.5 0.9283333333333332 2.65 2.76
118 NaNbP2Se6 3.619105002030475 0.9874999999999998 2.5 0.8733333333333334 2.65 2.76
119 NaMoP2S6 4.012494356289049 1.0450000000000002 2.6666666666666665 0.9433333333333332 2.65 2.72
120 NaMoP2Se6 3.7366732751684286 0.9675000000000001 2.6666666666666665 0.8883333333333333 2.65 2.72
121 NaTcP2S6 3.5684854234611905 1.01 3.1666666666666665 0.9033333333333332 2.65 2.65
122 NaTcP2Se6 3.3281235260140396 0.9325 3.1666666666666665 0.8483333333333333 2.65 2.65
123 NaRuP2S6 3.8101881279022547 1.0025 3.6666666666666665 0.9383333333333331 2.65 2.605
124 NaRuP2Se6 3.5505235093666685 0.9249999999999999 3.6666666666666665 0.8833333333333334 2.65 2.605
125 NaRhP2S6 3.319329331658507 0.9883333333333333 4.166666666666667 0.9349999999999999 2.65 2.52
126 NaRhP2Se6 3.098865393395029 0.9108333333333333 4.166666666666667 0.8799999999999999 2.65 2.52
127 NaPdP2S6 2.876385168453737 0.9766666666666665 4.666666666666667 0.9199999999999999 2.65 2.45
128 NaPdP2Se6 2.691295379850123 0.8991666666666666 4.666666666666667 0.8649999999999999 2.65 2.45
129 NaInP2S6 2.8231466872993174 0.9099999999999997 2.8333333333333335 0.9949999999999998 2.65 2.05
130 NaInP2Se6 2.642308599375976 0.8324999999999999 2.8333333333333335 0.9400000000000001 2.65 2.05
131 NaSbP2S6 1.896797115212418 0.8624999999999998 2.5 0.9099999999999998 2.65 1.765
132 NaSbP2Se6 1.7899386191258113 0.7850000000000001 2.5 0.8550000000000001 2.65 1.765
133 NaLaP2S6 2.2055803059080508 1.2249999999999999 2.8333333333333335 1.0416666666666665 2.65 3.08
134 NaLaP2Se6 2.0740619458758656 1.1475 2.8333333333333335 0.9866666666666667 2.65 3.08
135 NaCeP2S6 2.082067029629798 1.9350000000000003 2.8333333333333335 1.0833333333333333 2.65 4.5
136 NaCeP2Se6 1.9604126151758436 1.8575 2.8333333333333335 1.0283333333333333 2.65 4.5
137 NaPrP2S6 2.221551850254377 1.9250000000000005 2.8333333333333335 1.0833333333333333 2.65 4.48
138 NaPrP2Se6 2.0887579800181104 1.8475000000000001 2.8333333333333335 1.0283333333333333 2.65 4.48
139 NaNdP2S6 2.3163163467092436 1.68 2.8333333333333335 1.0666666666666667 2.65 3.99
140 NaNdP2Se6 2.175954449262093 1.6025 2.8333333333333335 1.0116666666666667 2.65 3.99
141 NaPmP2S6 2.3195106555785086 1.68 2.8333333333333335 1.075 2.65 3.99
142 NaPmP2Se6 2.178893656090541 1.6025 2.8333333333333335 1.0200000000000002 2.65 3.99
143 NaSmP2S6 2.3674252886174862 1.755 2.8333333333333335 1.0666666666666667 2.65 4.14
144 NaSmP2Se6 2.222981758517274 1.6775 2.8333333333333335 1.0116666666666667 2.65 4.14
145 NaEuP2S6 2.106556730960831 1.655 2.8333333333333335 1.075 2.65 3.94
146 NaEuP2Se6 1.982946534193952 1.5775000000000003 2.8333333333333335 1.0200000000000002 2.65 3.94
147 NaGdP2S6 2.6229699981587 1.64 2.8333333333333335 1.0833333333333333 2.65 3.91
148 NaGdP2Se6 2.4581183047931816 1.5625 2.8333333333333335 1.0283333333333333 2.65 3.91
149 NaTbP2S6 2.6698198615745894 1.6300000000000001 2.8333333333333335 1.0666666666666667 2.65 3.89
150 NaTbP2Se6 2.5012266716104308 1.5525000000000002 2.8333333333333335 1.0116666666666667 2.65 3.89
151 NaDyP2S6 2.7241231123520975 1.5199999999999998 2.8333333333333335 1.075 2.65 3.67
152 NaDyP2Se6 2.5511931876940612 1.4425 2.8333333333333335 1.0200000000000002 2.65 3.67
153 NaHoP2S6 2.7816206719988705 1.51 2.8333333333333335 1.0666666666666667 2.65 3.65
154 NaHoP2Se6 2.6040989106061403 1.4325 2.8333333333333335 1.0116666666666667 2.65 3.65
155 NaErP2S6 2.8199523784300524 1.5 2.8333333333333335 1.0666666666666667 2.65 3.63
156 NaErP2Se6 2.639369392547527 1.4224999999999997 2.8333333333333335 1.0116666666666667 2.65 3.63
157 NaTmP2S6 2.871061320338295 1.485 2.8333333333333335 1.0666666666666667 2.65 3.6
158 NaTmP2Se6 2.686396701802708 1.4075000000000004 2.8333333333333335 1.0116666666666667 2.65 3.6
159 NaYbP2S6 2.092714725860682 1.4799999999999998 2.8333333333333335 1.0833333333333333 2.65 3.59
160 NaYbP2Se6 1.9702099712706733 1.4024999999999999 2.8333333333333335 1.0283333333333333 2.65 3.59
161 NaLuP2S6 2.988185978878018 1.37 2.8333333333333335 1.0666666666666667 2.65 3.37
162 NaLuP2Se6 2.7941676188458326 1.2925 2.8333333333333335 1.0116666666666667 2.65 3.37
163 NaHfP2S6 3.3310417975124795 1.14 2.6666666666666665 0.9783333333333332 2.65 2.91
164 NaHfP2Se6 3.1096424850993416 1.0625 2.6666666666666665 0.9233333333333335 2.65 2.91
165 NaTaP2S6 4.417106813062637 1.0799999999999998 2.5 0.9433333333333332 2.65 2.79
166 NaTaP2Se6 4.108972806771949 1.0025 2.5 0.8883333333333333 2.65 2.79
167 NaWP2S6 4.821719269836225 1.0525 2.6666666666666665 0.9683333333333332 2.65 2.735
168 NaWP2Se6 4.48127233837547 0.975 2.6666666666666665 0.9133333333333334 2.65 2.735
169 NaReP2S6 4.457568058739996 1.0250000000000001 3.1666666666666665 0.9233333333333332 2.65 2.68
170 NaReP2Se6 4.146202759932301 0.9475000000000001 3.1666666666666665 0.8683333333333335 2.65 2.68
171 NaOsP2S6 4.662003826372968 1.01 3.6666666666666665 0.9583333333333331 2.65 2.65
172 NaOsP2Se6 4.334311996953027 0.9325 3.6666666666666665 0.9033333333333333 2.65 2.65
173 NaIrP2S6 3.8389369077256412 1.0063333333333333 4.166666666666667 0.9549999999999997 2.65 2.628
174 NaIrP2Se6 3.5769763708227083 0.9288333333333333 4.166666666666667 0.9 2.65 2.628
175 NaPtP2S6 3.1106344855331827 1.035 4.666666666666667 0.9483333333333333 2.65 2.7
176 NaPtP2Se6 2.9068372139363716 0.9575 4.666666666666667 0.8933333333333332 2.65 2.7
177 NaTlP2S6 3.3842802786668993 0.9408333333333333 2.8333333333333335 0.9849999999999999 2.65 2.235
178 NaTlP2Se6 3.1586292655734893 0.8633333333333333 2.8333333333333335 0.93 2.65 2.235
179 NaBiP2S6 1.6772585057501346 0.9011666666666666 2.5 0.9099999999999998 2.65 1.997
180 NaBiP2Se6 1.6008421865342763 0.8236666666666667 2.5 0.8550000000000001 2.65 1.997
181 NaAuP2S6 2.357842362009691 1.015 5.166666666666667 1.0683333333333331 2.65 2.66
182 NaAuP2Se6 2.2141641380319275 0.9375 5.166666666666667 1.0133333333333334 2.65 2.66
183 NaBP2S6 3.3842802786668993 0.9558333333333332 2.8333333333333335 0.9499999999999998 2.65 0.785
184 NaBP2Se6 3.1586292655734893 0.94 2.8333333333333335 0.8950000000000001 2.65 0.785
185 KAlP2S6 1.9335266105415003 1.3675 2.8333333333333335 1.038333333333333 3.69 1.675
186 KAlP2Se6 1.8372655838756409 1.29 2.8333333333333335 0.9833333333333334 3.69 1.675
187 KScP2S6 3.006598211950969 1.5466666666666669 2.8333333333333335 1.0616666666666665 3.69 2.75
188 KScP2Se6 2.8270888859653827 1.4691666666666665 2.8333333333333335 1.0066666666666666 3.69 2.75
189 KTiP2S6 3.147733412407222 1.5183333333333335 2.6666666666666665 1.0016666666666667 3.69 2.58
190 KTiP2Se6 2.957424766693744 1.4408333333333332 2.6666666666666665 0.9466666666666667 3.69 2.58
191 KVP2S6 3.4277812117377384 1.4933333333333334 2.5 0.9416666666666665 3.69 2.43
192 KVP2Se6 3.21604399459569 1.4158333333333335 2.5 0.8866666666666667 3.69 2.43
193 KCrP2S6 3.4122230006638214 1.495 2.6666666666666665 0.9783333333333332 3.69 2.44
194 KCrP2Se6 3.2016762597122477 1.4175000000000002 2.6666666666666665 0.9233333333333332 3.69 2.44
195 KMnP2S6 2.6798757793986994 1.4583333333333333 3.1666666666666665 0.9716666666666663 3.69 2.22
196 KMnP2Se6 2.525366453413113 1.3808333333333334 3.1666666666666665 0.9166666666666666 3.69 2.22
197 KFeP2S6 3.0077095127419633 1.4400000000000002 3.6666666666666665 1.0333333333333332 3.69 2.11
198 KFeP2Se6 2.8281151527427713 1.3625 3.6666666666666665 0.9783333333333332 3.69 2.11
199 KCoP2S6 2.958812277938222 1.425 4.166666666666667 1.0249999999999997 3.69 2.02
200 KCoP2Se6 2.7829594145376695 1.3475000000000001 4.166666666666667 0.9700000000000001 3.69 2.02
201 KNiP2S6 2.9143602462984575 1.4516666666666669 4.666666666666667 1.018333333333333 3.69 2.18
202 KNiP2Se6 2.7419087434421225 1.3741666666666668 4.666666666666667 0.9633333333333333 3.69 2.18
203 KGaP2S6 1.8735704332560068 1.3708333333333336 2.8333333333333335 1.0283333333333333 3.69 1.695
204 KGaP2Se6 1.9019630964489294 1.2933333333333334 2.8333333333333335 0.9733333333333333 3.69 1.695
205 KYP2S6 2.9643687818931928 1.5783333333333334 2.8333333333333335 1.0766666666666667 3.69 2.94
206 KYP2Se6 2.788090748424613 1.5008333333333335 2.8333333333333335 1.0216666666666667 3.69 2.94
207 KZrP2S6 3.3588805626961036 1.5591666666666668 2.6666666666666665 1.0283333333333333 3.69 2.825
208 KZrP2Se6 3.1524154543975915 1.4816666666666667 2.6666666666666665 0.9733333333333333 3.69 2.825
209 KNbP2S6 4.072335670514326 1.5483333333333336 2.5 0.9733333333333333 3.69 2.76
210 KNbP2Se6 3.8112787254811202 1.4708333333333332 2.5 0.9183333333333333 3.69 2.76
211 KMoP2S6 4.2056917654336194 1.5416666666666667 2.6666666666666665 0.9883333333333333 3.69 2.72
212 KMoP2Se6 3.9344307387677606 1.4641666666666666 2.6666666666666665 0.9333333333333332 3.69 2.72
213 KTcP2S6 3.7422793355890733 1.53 3.1666666666666665 0.9483333333333333 3.69 2.65
214 KTcP2Se6 3.506477492596684 1.4525 3.1666666666666665 0.8933333333333332 3.69 2.65
215 KRuP2S6 3.9945446151447377 1.5225000000000002 3.6666666666666665 0.9833333333333331 3.69 2.605
216 KRuP2Se6 3.7394400510639128 1.445 3.6666666666666665 0.9283333333333333 3.69 2.605
217 KRhP2S6 3.48223495049645 1.5083333333333335 4.166666666666667 0.98 3.69 2.52
218 KRhP2Se6 3.266331066687735 1.4308333333333334 4.166666666666667 0.9250000000000002 3.69 2.52
219 KPdP2S6 3.019933821442899 1.4966666666666668 4.666666666666667 0.9649999999999999 3.69 2.45
220 KPdP2Se6 2.8394040872940463 1.4191666666666667 4.666666666666667 0.9099999999999998 3.69 2.45
221 KInP2S6 2.9643687818931928 1.43 2.8333333333333335 1.0399999999999998 3.69 2.05
222 KInP2Se6 2.788090748424613 1.3525 2.8333333333333335 0.985 3.69 2.05
223 KSbP2S6 1.9975370937283132 1.3825 2.5 0.955 3.69 1.765
224 KSbP2Se6 1.8952386520964672 1.305 2.5 0.9 3.69 1.765
225 KLaP2S6 2.319814323116606 1.6016666666666668 2.8333333333333335 1.0866666666666667 3.69 3.08
226 KLaP2Se6 2.192856017539183 1.5241666666666667 2.8333333333333335 1.0316666666666665 3.69 3.08
227 KCeP2S6 2.190903431361289 2.1083333333333334 2.8333333333333335 1.1283333333333332 3.69 4.5
228 KCeP2Se6 2.073809071362096 2.0308333333333333 2.8333333333333335 1.0733333333333333 3.69 4.5
229 KPrP2S6 2.3364838349815185 2.0983333333333336 2.8333333333333335 1.1283333333333332 3.69 4.48
230 KPrP2Se6 2.2082500192000123 2.0208333333333335 2.8333333333333335 1.0733333333333333 3.69 4.48
231 KNdP2S6 2.4353896053799944 1.8533333333333335 2.8333333333333335 1.1116666666666666 3.69 3.99
232 KNdP2Se6 2.2995877623876044 1.7758333333333336 2.8333333333333335 1.0566666666666666 3.69 3.99
233 KPmP2S6 2.4387235077529765 1.8533333333333335 2.8333333333333335 1.1199999999999999 3.69 3.99
234 KPmP2Se6 2.30266656271977 1.7758333333333336 2.8333333333333335 1.0650000000000002 3.69 3.99
235 KSmP2S6 2.4887320433477123 1.9283333333333335 2.8333333333333335 1.1116666666666666 3.69 4.14
236 KSmP2Se6 2.3488485677022606 1.850833333333333 2.8333333333333335 1.0566666666666666 3.69 4.14
237 KEuP2S6 2.216463349554154 1.8283333333333334 2.8333333333333335 1.1199999999999999 3.69 3.94
238 KEuP2Se6 2.097413207242036 1.7508333333333335 2.8333333333333335 1.0650000000000002 3.69 3.94
239 KGdP2S6 2.7554442331862994 1.8133333333333335 2.8333333333333335 1.1283333333333332 3.69 3.91
240 KGdP2Se6 2.5951525942755427 1.7358333333333336 2.8333333333333335 1.0733333333333333 3.69 3.91
241 KTbP2S6 2.8043414679900405 1.8033333333333335 2.8333333333333335 1.1116666666666666 3.69 3.89
242 KTbP2Se6 2.6403083324806436 1.7258333333333338 2.8333333333333335 1.0566666666666666 3.69 3.89
243 KDyP2S6 2.86101780833074 1.7000000000000002 2.8333333333333335 1.1199999999999999 3.69 3.67
244 KDyP2Se6 2.6926479381274664 1.6224999999999998 2.8333333333333335 1.0650000000000002 3.69 3.67
245 KHoP2S6 2.921028051044422 1.6966666666666665 2.8333333333333335 1.1116666666666666 3.69 3.65
246 KHoP2Se6 2.7480663441064546 1.6191666666666669 2.8333333333333335 1.0566666666666666 3.69 3.65
247 KErP2S6 2.9610348795202106 1.6933333333333334 2.8333333333333335 1.1116666666666666 3.69 3.63
248 KErP2Se6 2.7850119480924467 1.6158333333333335 2.8333333333333335 1.0566666666666666 3.69 3.63
249 KTmP2S6 3.0143773174879276 1.6883333333333335 2.8333333333333335 1.1116666666666666 3.69 3.6
250 KTmP2Se6 2.834272753407103 1.6108333333333336 2.8333333333333335 1.0566666666666666 3.69 3.6
251 KYbP2S6 2.2020164392712305 1.6866666666666668 2.8333333333333335 1.1283333333333332 3.69 3.59
252 KYbP2Se6 2.084071739135983 1.6091666666666666 2.8333333333333335 1.0733333333333333 3.69 3.59
253 KLuP2S6 3.1366204044972807 1.6500000000000001 2.8333333333333335 1.1116666666666666 3.69 3.37
254 KLuP2Se6 2.9471620989198573 1.5725 2.8333333333333335 1.0566666666666666 3.69 3.37
255 KHfP2S6 3.4944592591973858 1.5733333333333335 2.6666666666666665 1.0233333333333332 3.69 2.91
256 KHfP2Se6 3.27762000123901 1.4958333333333333 2.6666666666666665 0.9683333333333334 3.69 2.91
257 KTaP2S6 4.627986066011383 1.5533333333333335 2.5 0.9883333333333333 3.69 2.79
258 KTaP2Se6 4.324412114175456 1.4758333333333333 2.5 0.9333333333333332 3.69 2.79
259 KWP2S6 5.0502803665891465 1.5441666666666667 2.6666666666666665 1.013333333333333 3.69 2.735
260 KWP2Se6 4.714393489583152 1.4666666666666668 2.6666666666666665 0.9583333333333334 3.69 2.735
261 KReP2S6 4.67021549606916 1.5350000000000001 3.1666666666666665 0.9683333333333333 3.69 2.68
262 KReP2Se6 4.363410251716226 1.4575000000000002 3.1666666666666665 0.9133333333333334 3.69 2.68
263 KOsP2S6 4.88358524794003 1.53 3.6666666666666665 1.0033333333333332 3.69 2.65
264 KOsP2Se6 4.560453472974851 1.4525 3.6666666666666665 0.9483333333333333 3.69 2.65
265 KIrP2S6 4.024549736501578 1.5263333333333335 4.166666666666667 0.9999999999999997 3.69 2.628
266 KIrP2Se6 3.767149254053407 1.4488333333333332 4.166666666666667 0.945 3.69 2.628
267 KPtP2S6 3.2644199954616036 1.5383333333333333 4.666666666666667 0.9933333333333333 3.69 2.7
268 KPtP2Se6 3.0651827783195547 1.4608333333333334 4.666666666666667 0.9383333333333335 3.69 2.7
269 KTlP2S6 3.5500242987470916 1.4608333333333334 2.8333333333333335 1.03 3.69 2.235
270 KTlP2Se6 3.3289333401084438 1.3833333333333335 2.8333333333333335 0.975 3.69 2.235
271 KBiP2S6 1.76134032615578 1.421166666666667 2.5 0.955 3.69 1.997
272 KBiP2Se6 1.6894840613946827 1.3436666666666666 2.5 0.9 3.69 1.997
273 KAuP2S6 2.478730336228765 1.531666666666667 5.166666666666667 1.1133333333333333 3.69 2.66
274 KAuP2Se6 2.3396121667057628 1.4541666666666666 5.166666666666667 1.0583333333333333 3.69 2.66
275 KBP2S6 3.5500242987470916 1.4758333333333333 2.8333333333333335 0.995 3.69 0.785
276 KBP2Se6 3.3289333401084438 1.46 2.8333333333333335 0.9400000000000001 3.69 0.785
277 CuAlP2S6 2.005853644508201 0.5425 4.166666666666667 0.8983333333333331 2.04 1.675
278 CuAlP2Se6 1.7458196309027592 0.4650000000000001 4.166666666666667 0.8433333333333334 2.04 1.675
279 CuScP2S6 2.5457074992544064 0.9583333333333331 4.166666666666667 0.9216666666666665 2.04 2.75
280 CuScP2Se6 2.202425186329236 0.8808333333333334 4.166666666666667 0.8666666666666666 2.04 2.75
281 CuTiP2S6 2.6396432359944284 0.8733333333333332 3.6666666666666665 0.8616666666666665 2.04 2.58
282 CuTiP2Se6 2.285561603341367 0.7958333333333334 3.6666666666666665 0.8066666666666666 2.04 2.58
283 CuVP2S6 2.826035406533684 0.7983333333333333 3.1666666666666665 0.8016666666666664 2.04 2.43
284 CuVP2Se6 2.450525202452052 0.7208333333333335 3.1666666666666665 0.7466666666666667 2.04 2.43
285 CuCrP2S6 2.81568028594817 0.8033333333333332 3.0 0.8383333333333333 2.04 2.44
286 CuCrP2Se6 2.441360558057014 0.7258333333333334 3.0 0.7833333333333332 2.04 2.44
287 CuMnP2S6 2.3282499669586074 0.6933333333333334 3.1666666666666665 0.8316666666666664 2.04 2.22
288 CuMnP2Se6 2.0099676540334372 0.6158333333333336 3.1666666666666665 0.7766666666666667 2.04 2.22
289 CuFeP2S6 2.5464471507248 0.6383333333333332 3.3333333333333335 0.8933333333333332 2.04 2.11
290 CuFeP2Se6 2.2030798037860246 0.5608333333333334 3.3333333333333335 0.8383333333333333 2.04 2.11
291 CuCoP2S6 2.5139024860274697 0.6 3.5 0.8849999999999998 2.04 2.02
292 CuCoP2Se6 2.1742766356873338 0.5225000000000001 3.5 0.8300000000000001 2.04 2.02
293 CuNiP2S6 2.4843164272117146 0.6733333333333333 3.6666666666666665 0.8783333333333331 2.04 2.18
294 CuNiP2Se6 2.1480919374157965 0.5958333333333335 3.6666666666666665 0.8233333333333333 2.04 2.18
295 CuGaP2S6 2.64624269077154 0.5458333333333333 4.166666666666667 0.8883333333333333 2.04 1.695
296 CuGaP2Se6 2.5108623670248797 0.46833333333333343 4.166666666666667 0.8333333333333334 2.04 1.695
297 CuYP2S6 2.517600743379439 1.0533333333333332 4.166666666666667 0.9366666666666666 2.04 2.94
298 CuYP2Se6 2.1775497229712757 0.9758333333333334 4.166666666666667 0.8816666666666665 2.04 2.94
299 CuZrP2S6 2.7801770153692638 0.9958333333333335 3.6666666666666665 0.8883333333333333 2.04 2.825
300 CuZrP2Se6 2.409938920131169 0.9183333333333334 3.6666666666666665 0.8333333333333334 2.04 2.825
301 CuNbP2S6 3.2550332593621314 0.963333333333333 3.1666666666666665 0.8333333333333331 2.04 2.76
302 CuNbP2Se6 2.8302033273893428 0.8858333333333333 3.1666666666666665 0.7783333333333333 2.04 2.76
303 CuMoP2S6 3.3437914358093956 0.9433333333333334 3.0 0.8483333333333332 2.04 2.72
304 CuMoP2Se6 2.9087574222039545 0.8658333333333336 3.0 0.7933333333333333 2.04 2.72
305 CuTcP2S6 3.035356772655151 0.9083333333333332 3.1666666666666665 0.8083333333333331 2.04 2.65
306 CuTcP2Se6 2.6357819427231783 0.8308333333333334 3.1666666666666665 0.7533333333333333 2.04 2.65
307 CuRuP2S6 3.2032576564345603 0.8858333333333333 3.3333333333333335 0.8433333333333333 2.04 2.605
308 CuRuP2Se6 2.7843801054141526 0.8083333333333335 3.3333333333333335 0.7883333333333334 2.04 2.605
309 CuRhP2S6 2.8622783285829847 0.8433333333333333 3.5 0.8399999999999999 2.04 2.52
310 CuRhP2Se6 2.482601457834685 0.7658333333333335 3.5 0.7849999999999998 2.04 2.52
311 CuPdP2S6 2.5545833168991328 0.8083333333333335 3.6666666666666665 0.8249999999999998 2.04 2.45
312 CuPdP2Se6 2.2102805958106972 0.7308333333333334 3.6666666666666665 0.7699999999999999 2.04 2.45
313 CuInP2S6 2.517600743379439 0.6083333333333333 4.166666666666667 0.8999999999999998 2.04 2.05
314 CuInP2Se6 2.1775497229712757 0.5308333333333333 4.166666666666667 0.8450000000000001 2.04 2.05
315 CuSbP2S6 2.0133926184748154 0.5575 3.1666666666666665 0.8149999999999998 2.04 1.765
316 CuSbP2Se6 1.747321189903387 0.48000000000000004 3.1666666666666665 0.7600000000000001 2.04 1.765
317 CuLaP2S6 2.1314090294421475 1.1233333333333333 4.166666666666667 0.9466666666666664 2.04 3.08
318 CuLaP2Se6 1.8406777369251406 1.0458333333333334 4.166666666666667 0.8916666666666666 2.04 3.08
319 CuCeP2S6 2.0802708428487136 1.8333333333333333 4.166666666666667 0.9883333333333332 2.04 4.5
320 CuCeP2Se6 1.799403495909938 1.7558333333333331 4.166666666666667 0.9333333333333332 2.04 4.5
321 CuPrP2S6 2.1383078457842752 1.8233333333333335 4.166666666666667 0.9883333333333332 2.04 4.48
322 CuPrP2Se6 1.846301043063187 1.7458333333333333 4.166666666666667 0.9333333333333332 2.04 4.48
323 CuNdP2S6 2.1803599627800323 1.5783333333333334 4.166666666666667 0.9716666666666667 2.04 3.99
324 CuNdP2Se6 1.8807851328480594 1.5008333333333335 4.166666666666667 0.9166666666666666 2.04 3.99
325 CuPmP2S6 2.1818080742464976 1.5783333333333334 4.166666666666667 0.9799999999999999 2.04 3.99
326 CuPmP2Se6 1.8819781422737085 1.5008333333333335 4.166666666666667 0.9250000000000002 2.04 3.99
327 CuSmP2S6 2.2037450028936925 1.653333333333333 4.166666666666667 0.9716666666666667 2.04 4.14
328 CuSmP2Se6 1.9000885403086585 1.575833333333333 4.166666666666667 0.9166666666666666 2.04 4.14
329 CuEuP2S6 2.0900682760042364 1.5533333333333335 4.166666666666667 0.9799999999999999 2.04 3.94
330 CuEuP2Se6 1.8072451467525357 1.4758333333333333 4.166666666666667 0.9250000000000002 2.04 3.94
331 CuGdP2S6 2.3785462669453907 1.5383333333333333 4.166666666666667 0.9883333333333332 2.04 3.91
332 CuGdP2Se6 2.0544816410950504 1.4608333333333332 4.166666666666667 0.9333333333333332 2.04 3.91
333 CuTbP2S6 2.4110909316427214 1.5283333333333335 4.166666666666667 0.9716666666666667 2.04 3.89
334 CuTbP2Se6 2.0832848091937417 1.4508333333333334 4.166666666666667 0.9166666666666666 2.04 3.89
335 CuDyP2S6 2.448813156632809 1.4183333333333332 4.166666666666667 0.9799999999999999 2.04 3.67
336 CuDyP2Se6 2.1166702994899516 1.340833333333333 4.166666666666667 0.9250000000000002 2.04 3.67
337 CuHoP2S6 2.488754336034078 1.4083333333333332 4.166666666666667 0.9716666666666667 2.04 3.65
338 CuHoP2Se6 2.1520196421565267 1.3308333333333333 4.166666666666667 0.9166666666666666 2.04 3.65
339 CuErP2S6 2.5153817889682575 1.3983333333333332 4.166666666666667 0.9716666666666667 2.04 3.63
340 CuErP2Se6 2.175585870600911 1.320833333333333 4.166666666666667 0.9166666666666666 2.04 3.63
341 CuTmP2S6 2.5508850595471633 1.3833333333333335 4.166666666666667 0.9716666666666667 2.04 3.6
342 CuTmP2Se6 2.2070075085267553 1.3058333333333334 4.166666666666667 0.9166666666666666 2.04 3.6
343 CuYbP2S6 2.0845077817420576 1.3783333333333332 4.166666666666667 0.9883333333333332 2.04 3.59
344 CuYbP2Se6 1.8027900946672275 1.300833333333333 4.166666666666667 0.9333333333333332 2.04 3.59
345 CuLuP2S6 2.6322467212904894 1.268333333333333 4.166666666666667 0.9716666666666667 2.04 3.37
346 CuLuP2Se6 2.2790154287734827 1.1908333333333332 4.166666666666667 0.9166666666666666 2.04 3.37
347 CuHfP2S6 2.8704144947573176 1.0383333333333333 3.6666666666666665 0.8833333333333332 2.04 2.91
348 CuHfP2Se6 2.4898022498593577 0.9608333333333334 3.6666666666666665 0.8283333333333335 2.04 2.91
349 CuTaP2S6 3.624858994559068 0.9783333333333334 3.1666666666666665 0.8483333333333332 2.04 2.79
350 CuTaP2Se6 3.1575120557835583 0.9008333333333334 3.1666666666666665 0.7933333333333333 2.04 2.79
351 CuWP2S6 3.90592655330874 0.9508333333333332 3.0 0.8733333333333331 2.04 2.735
352 CuWP2Se6 3.4062666893631626 0.8733333333333334 3.0 0.8183333333333334 2.04 2.735
353 CuReP2S6 3.6529657504340354 0.9233333333333333 3.1666666666666665 0.8283333333333331 2.04 2.68
354 CuReP2Se6 3.1823875191415194 0.8458333333333335 3.1666666666666665 0.7733333333333334 2.04 2.68
355 CuOsP2S6 3.7949788327496594 0.9083333333333332 3.3333333333333335 0.8633333333333332 2.04 2.65
356 CuOsP2Se6 3.308074070844898 0.8308333333333334 3.3333333333333335 0.8083333333333332 2.04 2.65
357 CuIrP2S6 3.2232282461351947 0.8973333333333332 3.5 0.8599999999999998 2.04 2.628
358 CuIrP2Se6 2.8020547767474397 0.8198333333333334 3.5 0.805 2.04 2.628
359 CuPtP2S6 2.7173066403857846 0.9333333333333335 3.6666666666666665 0.8533333333333332 2.04 2.7
360 CuPtP2Se6 2.3542964363041525 0.8558333333333334 3.6666666666666665 0.7983333333333332 2.04 2.7
361 CuTlP2S6 2.9073970682770103 0.7008333333333332 4.166666666666667 0.8899999999999998 2.04 2.235
362 CuTlP2Se6 2.5225331226987793 0.6233333333333334 4.166666666666667 0.835 2.04 2.235
363 CuBiP2S6 2.1186503184000585 0.5961666666666666 3.1666666666666665 0.8149999999999998 2.04 1.997
364 CuBiP2Se6 1.883021066699378 0.5186666666666667 3.1666666666666665 0.7600000000000001 2.04 1.997
365 CuAuP2S6 2.1993262712201678 0.9133333333333332 3.8333333333333335 0.9733333333333332 2.04 2.66
366 CuAuP2Se6 1.896435114757583 0.8358333333333334 3.8333333333333335 0.9183333333333333 2.04 2.66
367 CuBP2S6 2.9073970682770103 0.6508333333333333 4.166666666666667 0.8549999999999999 2.04 0.785
368 CuBP2Se6 2.5225331226987793 0.6349999999999999 4.166666666666667 0.8000000000000002 2.04 0.785
369 RbAlP2S6 2.0165080455259026 1.5724999999999998 2.8333333333333335 1.038333333333333 4.1 1.675
370 RbAlP2Se6 1.9241305817198675 1.4949999999999999 2.8333333333333335 0.9833333333333334 4.1 1.675
371 RbScP2S6 3.1283756473411644 1.7516666666666667 2.8333333333333335 1.0616666666666665 4.1 2.75
372 RbScP2Se6 2.9527498842154016 1.6741666666666664 2.8333333333333335 1.0066666666666666 4.1 2.75
373 RbTiP2S6 3.2745436282382094 1.7233333333333334 2.6666666666666665 1.0016666666666667 4.1 2.58
374 RbTiP2Se6 3.088118545384555 1.645833333333333 2.6666666666666665 0.9466666666666667 4.1 2.58
375 RbVP2S6 3.564577732065416 1.6983333333333333 2.5 0.9416666666666665 4.1 2.43
376 RbVP2Se6 3.3567240777831913 1.620833333333333 2.5 0.8866666666666667 4.1 2.43
377 RbCrP2S6 3.548464726297239 1.7 2.6666666666666665 0.9783333333333332 4.1 2.44
378 RbCrP2Se6 3.341801548205489 1.6224999999999996 2.6666666666666665 0.9233333333333332 4.1 2.44
379 RbMnP2S6 2.7900025262094226 1.6633333333333333 3.1666666666666665 0.9716666666666663 4.1 2.22
380 RbMnP2Se6 2.6393767630836593 1.5858333333333332 3.1666666666666665 0.9166666666666666 4.1 2.22
381 RbFeP2S6 3.1295265763246056 1.6449999999999998 3.6666666666666665 1.0333333333333332 4.1 2.11
382 RbFeP2Se6 2.9538157791852373 1.5674999999999997 3.6666666666666665 0.9783333333333332 4.1 2.11
383 RbCoP2S6 3.0788857010531885 1.63 4.166666666666667 1.0249999999999997 4.1 2.02
384 RbCoP2Se6 2.9069164005124595 1.5524999999999995 4.166666666666667 0.9700000000000001 4.1 2.02
385 RbNiP2S6 3.0328485417155364 1.6566666666666665 4.666666666666667 1.018333333333333 4.1 2.18
386 RbNiP2Se6 2.864280601719025 1.5791666666666664 4.666666666666667 0.9633333333333333 4.1 2.18
387 RbGaP2S6 1.9098298369868385 1.5758333333333334 2.8333333333333335 1.0283333333333333 4.1 1.695
388 RbGaP2Se6 1.942106063039585 1.498333333333333 2.8333333333333335 0.9733333333333333 4.1 1.695
389 RbYP2S6 3.0846403459703944 1.7833333333333332 2.8333333333333335 1.0766666666666667 4.1 2.94
390 RbYP2Se6 2.912245875361639 1.7058333333333329 2.8333333333333335 1.0216666666666667 4.1 2.94
391 RbZrP2S6 3.4932201350920558 1.7641666666666664 2.6666666666666665 1.0283333333333333 4.1 2.825
392 RbZrP2Se6 3.290638589653368 1.6866666666666665 2.6666666666666665 0.9733333333333333 4.1 2.825
393 RbNbP2S6 4.23211654246137 1.7533333333333332 2.5 0.9733333333333333 4.1 2.76
394 RbNbP2Se6 3.9749431602879883 1.675833333333333 2.5 0.9183333333333333 4.1 2.76
395 RbMoP2S6 4.370228020474325 1.7466666666666668 2.6666666666666665 0.9883333333333333 4.1 2.72
396 RbMoP2Se6 4.102850556668291 1.6691666666666665 2.6666666666666665 0.9333333333333332 4.1 2.72
397 RbTcP2S6 3.8902906343793036 1.735 3.1666666666666665 0.9483333333333333 4.1 2.65
398 RbTcP2Se6 3.6583723542467386 1.6574999999999998 3.1666666666666665 0.8933333333333332 4.1 2.65
399 RbRuP2S6 4.151551513620479 1.7274999999999998 3.6666666666666665 0.9833333333333331 4.1 2.605
400 RbRuP2Se6 3.9003305123994783 1.6499999999999997 3.6666666666666665 0.9283333333333333 4.1 2.605
401 RbRhP2S6 3.6209732522540405 1.7133333333333332 4.166666666666667 0.98 4.1 2.52
402 RbRhP2Se6 3.4089529313051483 1.635833333333333 4.166666666666667 0.9250000000000002 4.1 2.52
403 RbPdP2S6 3.1421867951424596 1.7016666666666664 4.666666666666667 0.9649999999999999 4.1 2.45
404 RbPdP2Se6 2.965540623853432 1.6241666666666665 4.666666666666667 0.9099999999999998 4.1 2.45
405 RbInP2S6 3.0846403459703944 1.6349999999999998 2.8333333333333335 1.0399999999999998 4.1 2.05
406 RbInP2Se6 2.912245875361639 1.5574999999999999 2.8333333333333335 0.985 4.1 2.05
407 RbSbP2S6 2.0833321303764656 1.5874999999999997 2.5 0.955 4.1 1.765
408 RbSbP2Se6 1.9849172516044435 1.5099999999999998 2.5 0.9 4.1 1.765
409 RbLaP2S6 2.417101535574442 1.8066666666666666 2.8333333333333335 1.0866666666666667 4.1 3.08
410 RbLaP2Se6 2.294026792856842 1.7291666666666663 2.8333333333333335 1.0316666666666665 4.1 3.08
411 RbCeP2S6 2.2835937734952516 2.1766666666666667 2.8333333333333335 1.1283333333333332 4.1 4.5
412 RbCeP2Se6 2.170382976355883 2.0991666666666666 2.8333333333333335 1.0733333333333333 4.1 4.5
413 RbPrP2S6 2.4343654703260618 2.166666666666667 2.8333333333333335 1.1283333333333332 4.1 4.48
414 RbPrP2Se6 2.31001521740438 2.089166666666667 2.8333333333333335 1.0733333333333333 4.1 4.48
415 RbNdP2S6 2.5367981498523373 1.9583333333333333 2.8333333333333335 1.1116666666666666 4.1 3.99
416 RbNdP2Se6 2.404879869719771 1.8808333333333331 2.8333333333333335 1.0566666666666666 4.1 3.99
417 RbPmP2S6 2.540250936802661 1.9583333333333333 2.8333333333333335 1.1199999999999999 4.1 3.99
418 RbPmP2Se6 2.4080775546292785 1.8808333333333331 2.8333333333333335 1.0650000000000002 4.1 3.99
419 RbSmP2S6 2.592042741057519 1.9966666666666661 2.8333333333333335 1.1116666666666666 4.1 4.14
420 RbSmP2Se6 2.4560428282718925 1.9191666666666665 2.8333333333333335 1.0566666666666666 4.1 4.14
421 RbEuP2S6 2.3100651401144012 1.95 2.8333333333333335 1.1199999999999999 4.1 3.94
422 RbEuP2Se6 2.1948985606621076 1.8725000000000003 2.8333333333333335 1.0650000000000002 4.1 3.94
423 RbGdP2S6 2.8682656970834315 1.945 2.8333333333333335 1.1283333333333332 4.1 3.91
424 RbGdP2Se6 2.711857621032498 1.8674999999999997 2.8333333333333335 1.0733333333333333 4.1 3.91
425 RbTbP2S6 2.918906572354848 1.9416666666666664 2.8333333333333335 1.1116666666666666 4.1 3.89
426 RbTbP2Se6 2.7587569997052754 1.8641666666666665 2.8333333333333335 1.0566666666666666 4.1 3.89
427 RbDyP2S6 2.9776039505103546 1.905 2.8333333333333335 1.1199999999999999 4.1 3.67
428 RbDyP2Se6 2.8131176431669043 1.8274999999999997 2.8333333333333335 1.0650000000000002 4.1 3.67
429 RbHoP2S6 3.039754115616185 1.9016666666666666 2.8333333333333335 1.1116666666666666 4.1 3.65
430 RbHoP2Se6 2.87067597153804 1.8241666666666665 2.8333333333333335 1.0566666666666666 4.1 3.65
431 RbErP2S6 3.0811875590200715 1.8983333333333332 2.8333333333333335 1.1116666666666666 4.1 3.63
432 RbErP2Se6 2.9090481904521313 1.820833333333333 2.8333333333333335 1.0566666666666666 4.1 3.63
433 RbTmP2S6 3.1364321502252537 1.8933333333333333 2.8333333333333335 1.1116666666666666 4.1 3.6
434 RbTmP2Se6 2.960211149004252 1.8158333333333336 2.8333333333333335 1.0566666666666666 4.1 3.6
435 RbYbP2S6 2.2951030633296643 1.8916666666666666 2.8333333333333335 1.1283333333333332 4.1 3.59
436 RbYbP2Se6 2.1810419260542413 1.8141666666666663 2.8333333333333335 1.0733333333333333 4.1 3.59
437 RbLuP2S6 3.2630343384037963 1.8549999999999998 2.8333333333333335 1.1116666666666666 4.1 3.37
438 RbLuP2Se6 3.0774595956861965 1.7774999999999996 2.8333333333333335 1.0566666666666666 4.1 3.37
439 RbHfP2S6 3.6336334710718945 1.7783333333333333 2.6666666666666665 1.0233333333333332 4.1 2.91
440 RbHfP2Se6 3.4206777759733424 1.700833333333333 2.6666666666666665 0.9683333333333334 4.1 2.91
441 RbTaP2S6 4.807581034182019 1.758333333333333 2.5 0.9883333333333333 4.1 2.79
442 RbTaP2Se6 4.507890645205917 1.6808333333333332 2.5 0.9333333333333332 4.1 2.79
443 RbWP2S6 5.244934047889713 1.7491666666666665 2.6666666666666665 1.013333333333333 4.1 2.735
444 RbWP2Se6 4.912930733743542 1.6716666666666662 2.6666666666666665 0.9583333333333334 4.1 2.735
445 RbReP2S6 4.851316335552789 1.74 3.1666666666666665 0.9683333333333333 4.1 2.68
446 RbReP2Se6 4.548394654059679 1.6624999999999996 3.1666666666666665 0.9133333333333334 4.1 2.68
447 RbOsP2S6 5.072294700373519 1.735 3.6666666666666665 1.0033333333333332 4.1 2.65
448 RbOsP2Se6 4.753046488268163 1.6574999999999998 3.6666666666666665 0.9483333333333333 4.1 2.65
449 RbIrP2S6 4.182626596173393 1.7313333333333334 4.166666666666667 0.9999999999999997 4.1 2.628
450 RbIrP2Se6 3.9291096765850466 1.653833333333333 4.166666666666667 0.945 4.1 2.628
451 RbPtP2S6 3.3953911714995457 1.7433333333333332 4.666666666666667 0.9933333333333333 4.1 2.7
452 RbPtP2Se6 3.20003751721732 1.6658333333333333 4.666666666666667 0.9383333333333335 4.1 2.7
453 RbTlP2S6 3.6911799202439597 1.6658333333333333 2.8333333333333335 1.03 4.1 2.235
454 RbTlP2Se6 3.4739725244651356 1.588333333333333 2.8333333333333335 0.975 4.1 2.235
455 RbBiP2S6 1.8329484699078407 1.6261666666666665 2.5 0.955 4.1 1.997
456 RbBiP2Se6 1.7649757680065676 1.5486666666666664 2.5 0.9 4.1 1.997
457 RbAuP2S6 2.5816843802065477 1.7366666666666666 5.166666666666667 1.1133333333333333 4.1 2.66
458 RbAuP2Se6 2.4464497735433697 1.6591666666666665 5.166666666666667 1.0583333333333333 4.1 2.66
459 RbBP2S6 3.6911799202439597 1.6808333333333332 2.8333333333333335 0.995 4.1 0.785
460 RbBP2Se6 3.4739725244651356 1.6649999999999998 2.8333333333333335 0.9400000000000001 4.1 0.785
461 AgAlP2S6 1.9061721461352004 0.71 4.166666666666667 0.9033333333333332 2.375 1.675
462 AgAlP2Se6 1.656512282189622 0.6325 4.166666666666667 0.8483333333333333 2.375 1.675
463 AgScP2S6 2.492471664516698 1.0141666666666667 4.166666666666667 0.9266666666666667 2.375 2.75
464 AgScP2Se6 2.1595635012513923 0.9366666666666666 4.166666666666667 0.8716666666666667 2.375 2.75
465 AgTiP2S6 2.5879506554014142 0.9291666666666667 3.6666666666666665 0.8666666666666667 2.375 2.58
466 AgTiP2Se6 2.244243172408217 0.8516666666666667 3.6666666666666665 0.8116666666666665 2.375 2.58
467 AgVP2S6 2.7774050310151814 0.8541666666666666 3.1666666666666665 0.8066666666666665 2.375 2.43
468 AgVP2Se6 2.412268976593413 0.7766666666666668 3.1666666666666665 0.7516666666666666 2.375 2.43
469 AgCrP2S6 2.7668797879255282 0.8591666666666665 3.0 0.8433333333333334 2.375 2.44
470 AgCrP2Se6 2.4029342096942354 0.7816666666666667 3.0 0.7883333333333334 2.375 2.44
471 AgMnP2S6 2.271441559633969 0.8008333333333333 3.1666666666666665 0.8366666666666666 2.375 2.22
472 AgMnP2Se6 1.9635333963686632 0.7233333333333335 3.1666666666666665 0.7816666666666666 2.375 2.22
473 AgFeP2S6 2.4932234675945306 0.7824999999999999 3.3333333333333335 0.8983333333333334 2.375 2.11
474 AgFeP2Se6 2.160230270315619 0.7050000000000001 3.3333333333333335 0.8433333333333334 2.375 2.11
475 AgCoP2S6 2.4601441321699045 0.7675 3.5 0.8899999999999998 2.375 2.02
476 AgCoP2Se6 2.1308924314896323 0.6900000000000001 3.5 0.835 2.375 2.02
477 AgNiP2S6 2.430072009056608 0.7941666666666666 3.6666666666666665 0.8833333333333332 2.375 2.18
478 AgNiP2Se6 2.1042216689205535 0.7166666666666668 3.6666666666666665 0.8283333333333335 2.375 2.18
479 AgGaP2S6 2.5038935842915753 0.7133333333333333 4.166666666666667 0.8933333333333332 2.375 1.695
480 AgGaP2Se6 2.3788874102047783 0.6358333333333334 4.166666666666667 0.8383333333333333 2.375 1.695
481 AgYP2S6 2.4639031475590665 1.1091666666666666 4.166666666666667 0.9416666666666665 2.375 2.94
482 AgYP2Se6 2.134226276810767 1.0316666666666667 4.166666666666667 0.8866666666666667 2.375 2.94
483 AgZrP2S6 2.730793240189572 1.0516666666666665 3.6666666666666665 0.8933333333333332 2.375 2.825
484 AgZrP2Se6 2.370929294611341 0.9741666666666667 3.6666666666666665 0.8383333333333333 2.375 2.825
485 AgNbP2S6 3.2134508161579802 1.0191666666666666 3.1666666666666665 0.8383333333333333 2.375 2.76
486 AgNbP2Se6 2.798995033845055 0.9416666666666665 3.1666666666666665 0.7833333333333335 2.375 2.76
487 AgMoP2S6 3.30366718549787 0.9991666666666666 3.0 0.8533333333333332 2.375 2.72
488 AgMoP2Se6 2.8790073215522916 0.9216666666666669 3.0 0.7983333333333335 2.375 2.72
489 AgTcP2S6 2.990165302041754 0.9641666666666665 3.1666666666666665 0.8133333333333331 2.375 2.65
490 AgTcP2Se6 2.6009646217696454 0.8866666666666667 3.1666666666666665 0.7583333333333334 2.375 2.65
491 AgRuP2S6 3.160824600709711 0.9416666666666665 3.3333333333333335 0.8483333333333332 2.375 2.605
492 AgRuP2Se6 2.752321199349167 0.8641666666666667 3.3333333333333335 0.7933333333333333 2.375 2.605
493 AgRhP2S6 2.8142433818289696 0.8991666666666666 3.5 0.8450000000000001 2.375 2.52
494 AgRhP2Se6 2.4449406607405346 0.8216666666666668 3.5 0.79 2.375 2.52
495 AgPdP2S6 2.501493301450687 0.8641666666666666 3.6666666666666665 0.8300000000000001 2.375 2.45
496 AgPdP2Se6 2.1675647300221157 0.7866666666666667 3.6666666666666665 0.775 2.375 2.45
497 AgInP2S6 2.4639031475590665 0.7724999999999999 4.166666666666667 0.9049999999999999 2.375 2.05
498 AgInP2Se6 2.134226276810767 0.695 4.166666666666667 0.85 2.375 2.05
499 AgSbP2S6 1.9156326885204764 0.725 3.1666666666666665 0.8199999999999998 2.375 1.765
500 AgSbP2Se6 1.6599354096089118 0.6475 3.1666666666666665 0.765 2.375 1.765
501 AgLaP2S6 2.039122766631293 1.1791666666666667 4.166666666666667 0.9516666666666665 2.375 3.08
502 AgLaP2Se6 1.7587656237741507 1.1016666666666668 4.166666666666667 0.8966666666666668 2.375 3.08
503 AgCeP2S6 1.9861488432019945 1.8891666666666669 4.166666666666667 0.9933333333333332 2.375 4.5
504 AgCeP2Se6 1.7156556459230827 1.8116666666666665 4.166666666666667 0.9383333333333335 2.375 4.5
505 AgPrP2S6 2.0462332203948033 1.879166666666667 4.166666666666667 0.9933333333333332 2.375 4.48
506 AgPrP2Se6 1.7646005673335787 1.8016666666666667 4.166666666666667 0.9383333333333335 2.375 4.48
507 AgNdP2S6 2.106044882510839 1.634166666666667 4.166666666666667 0.9766666666666666 2.375 3.99
508 AgNdP2Se6 1.81684420223873 1.5566666666666666 4.166666666666667 0.9216666666666665 2.375 3.99
509 AgPmP2S6 2.108300291744336 1.634166666666667 4.166666666666667 0.9849999999999999 2.375 3.99
510 AgPmP2Se6 1.818844509431411 1.5566666666666666 4.166666666666667 0.93 2.375 3.99
511 AgSmP2S6 2.1421314302467946 1.7091666666666665 4.166666666666667 0.9766666666666666 2.375 4.14
512 AgSmP2Se6 1.8488491173216246 1.6316666666666662 4.166666666666667 0.9216666666666665 2.375 4.14
513 AgEuP2S6 1.9963410317104897 1.6091666666666669 4.166666666666667 0.9849999999999999 2.375 3.94
514 AgEuP2Se6 1.723892052118653 1.5316666666666665 4.166666666666667 0.93 2.375 3.94
515 AgGdP2S6 2.3225641689265735 1.594166666666667 4.166666666666667 0.9933333333333332 2.375 3.91
516 AgGdP2Se6 2.008873692736097 1.5166666666666666 4.166666666666667 0.9383333333333335 2.375 3.91
517 AgTbP2S6 2.355643504351199 1.5841666666666672 4.166666666666667 0.9766666666666666 2.375 3.89
518 AgTbP2Se6 2.0382115315620837 1.5066666666666668 4.166666666666667 0.9216666666666665 2.375 3.89
519 AgDyP2S6 2.393985461320652 1.4741666666666668 4.166666666666667 0.9849999999999999 2.375 3.67
520 AgDyP2Se6 2.072216753837659 1.3966666666666665 4.166666666666667 0.93 2.375 3.67
521 AgHoP2S6 2.4345828275236023 1.4641666666666666 4.166666666666667 0.9766666666666666 2.375 3.65
522 AgHoP2Se6 2.108222283305915 1.3866666666666667 4.166666666666667 0.9216666666666665 2.375 3.65
523 AgErP2S6 2.4616477383255693 1.4541666666666666 4.166666666666667 0.9766666666666666 2.375 3.63
524 AgErP2Se6 2.1322259696180863 1.3766666666666667 4.166666666666667 0.9216666666666665 2.375 3.63
525 AgTmP2S6 2.4977342860615246 1.439166666666667 4.166666666666667 0.9766666666666666 2.375 3.6
526 AgTmP2Se6 2.164230884700981 1.3616666666666666 4.166666666666667 0.9216666666666665 2.375 3.6
527 AgYbP2S6 1.9905594675032299 1.4341666666666668 4.166666666666667 0.9933333333333332 2.375 3.59
528 AgYbP2Se6 1.7192159300882637 1.3566666666666665 4.166666666666667 0.9383333333333335 2.375 3.59
529 AgLuP2S6 2.58043262462309 1.3241666666666665 4.166666666666667 0.9766666666666666 2.375 3.37
530 AgLuP2Se6 2.2375754817659472 1.2466666666666666 4.166666666666667 0.9216666666666665 2.375 3.37
531 AgHfP2S6 2.822513215685126 1.0941666666666667 3.6666666666666665 0.8883333333333332 2.375 2.91
532 AgHfP2Se6 2.452275120447031 1.0166666666666668 3.6666666666666665 0.8333333333333334 2.375 2.91
533 AgTaP2S6 3.5893523550741855 1.0341666666666665 3.1666666666666665 0.8533333333333332 2.375 2.79
534 AgTaP2Se6 3.1323795659585394 0.9566666666666667 3.1666666666666665 0.7983333333333335 2.375 2.79
535 AgWP2S6 3.8750375246505016 1.0066666666666666 3.0 0.8783333333333333 2.375 2.735
536 AgWP2Se6 3.3857518103647877 0.9291666666666667 3.0 0.8233333333333333 2.375 2.735
537 AgReP2S6 3.6179208720318172 0.9791666666666666 3.1666666666666665 0.8333333333333331 2.375 2.68
538 AgReP2Se6 3.157716790399164 0.9016666666666668 3.1666666666666665 0.7783333333333333 2.375 2.68
539 AgOsP2S6 3.7622670629756407 0.9641666666666665 3.3333333333333335 0.8683333333333332 2.375 2.65
540 AgOsP2Se6 3.285736450730743 0.8866666666666667 3.3333333333333335 0.8133333333333335 2.375 2.65
541 AgIrP2S6 3.181123283811187 0.9531666666666667 3.5 0.8649999999999999 2.375 2.628
542 AgIrP2Se6 2.7703239640832957 0.8756666666666667 3.5 0.8099999999999999 2.375 2.628
543 AgPtP2S6 2.6668899785738174 0.9891666666666666 3.6666666666666665 0.8583333333333334 2.375 2.7
544 AgPtP2Se6 2.3142539241520486 0.9116666666666667 3.6666666666666665 0.8033333333333333 2.375 2.7
545 AgTlP2S6 2.860103369576747 0.8033333333333332 4.166666666666667 0.8949999999999999 2.375 2.235
546 AgTlP2Se6 2.4856135736583798 0.7258333333333334 4.166666666666667 0.8400000000000002 2.375 2.235
547 AgBiP2S6 2.0060990540896313 0.7636666666666666 3.1666666666666665 0.8199999999999998 2.375 1.997
548 AgBiP2Se6 1.7808439520488146 0.6861666666666667 3.1666666666666665 0.765 2.375 1.997
549 AgAuP2S6 2.135365202546303 0.9691666666666667 3.8333333333333335 0.9783333333333332 2.375 2.66
550 AgAuP2Se6 1.8428481957435816 0.8916666666666667 3.8333333333333335 0.9233333333333335 2.375 2.66
551 AgBP2S6 2.860103369576747 0.8183333333333332 4.166666666666667 0.8599999999999999 2.375 0.785
552 AgBP2Se6 2.4856135736583798 0.8024999999999999 4.166666666666667 0.805 2.375 0.785
553 CsAlP2S6 2.0535474410090067 1.6775 2.8333333333333335 1.0533333333333332 4.31 1.675
554 CsAlP2Se6 1.9629034350622572 1.5999999999999999 2.8333333333333335 0.9983333333333334 4.31 1.675
555 CsScP2S6 3.182731933071622 1.8566666666666665 2.8333333333333335 1.0766666666666669 4.31 2.75
556 CsScP2Se6 3.0088396278051452 1.7791666666666666 2.8333333333333335 1.0216666666666665 4.31 2.75
557 CsTiP2S6 3.331146333847537 1.8283333333333331 2.6666666666666665 1.0166666666666666 4.31 2.58
558 CsTiP2Se6 3.1464547088531685 1.7508333333333332 2.6666666666666665 0.9616666666666666 4.31 2.58
559 CsVP2S6 3.625637900741479 1.803333333333333 2.5 0.9566666666666666 4.31 2.43
560 CsVP2Se6 3.41951770431854 1.725833333333333 2.5 0.9016666666666667 4.31 2.43
561 CsCrP2S6 3.60927725813626 1.8049999999999997 2.6666666666666665 0.9933333333333335 4.31 2.44
562 CsCrP2Se6 3.404347537903796 1.7274999999999998 2.6666666666666665 0.9383333333333331 4.31 2.44
563 CsMnP2S6 2.8391584383620234 1.7683333333333333 3.1666666666666665 0.9866666666666664 4.31 2.22
564 CsMnP2Se6 2.690266133095546 1.6908333333333332 3.1666666666666665 0.9316666666666666 4.31 2.22
565 CsFeP2S6 3.183900550400567 1.7499999999999998 3.6666666666666665 1.0483333333333336 4.31 2.11
566 CsFeP2Se6 3.009923211120484 1.6724999999999994 3.6666666666666665 0.9933333333333332 4.31 2.11
567 CsCoP2S6 3.132481387927021 1.7349999999999997 4.166666666666667 1.0399999999999998 4.31 2.02
568 CsCoP2Se6 2.962245545245578 1.6574999999999995 4.166666666666667 0.985 4.31 2.02
569 CsNiP2S6 3.0857366947692526 1.7616666666666665 4.666666666666667 1.0333333333333332 4.31 2.18
570 CsNiP2Se6 2.9189022126320268 1.6841666666666661 4.666666666666667 0.9783333333333335 4.31 2.18
571 CsGaP2S6 1.9277539103417032 1.6808333333333332 2.8333333333333335 1.0433333333333332 4.31 1.695
572 CsGaP2Se6 1.9617635942537355 1.6033333333333328 2.8333333333333335 0.9883333333333333 4.31 1.695
573 CsYP2S6 3.1383244745717422 1.888333333333333 2.8333333333333335 1.0916666666666666 4.31 2.94
574 CsYP2Se6 2.9676634618222715 1.810833333333333 2.8333333333333335 1.0366666666666664 4.31 2.94
575 CsZrP2S6 3.5531836263469376 1.8691666666666666 2.6666666666666665 1.0433333333333332 4.31 2.825
576 CsZrP2Se6 3.3523355387675355 1.7916666666666667 2.6666666666666665 0.9883333333333333 4.31 2.825
577 CsNbP2S6 4.303435951529123 1.8583333333333332 2.5 0.9883333333333333 4.31 2.76
578 CsNbP2Se6 4.047996027215027 1.780833333333333 2.5 0.9333333333333336 4.31 2.76
579 CsMoP2S6 4.443670031002429 1.8516666666666666 2.6666666666666665 1.0033333333333332 4.31 2.72
580 CsMoP2Se6 4.178026025055679 1.7741666666666662 2.6666666666666665 0.9483333333333336 4.31 2.72
581 CsTcP2S6 3.9563566048326915 1.8399999999999999 3.1666666666666665 0.9633333333333333 4.31 2.65
582 CsTcP2Se6 3.726171782559412 1.7624999999999995 3.1666666666666665 0.9083333333333335 4.31 2.65
583 CsRuP2S6 4.221632738503028 1.8324999999999996 3.6666666666666665 0.9983333333333332 4.31 2.605
584 CsRuP2Se6 3.9721451951413136 1.7549999999999997 3.6666666666666665 0.9433333333333334 4.31 2.605
585 CsRhP2S6 3.6829001498597456 1.8183333333333331 4.166666666666667 0.995 4.31 2.52
586 CsRhP2Se6 3.4726132867701396 1.740833333333333 4.166666666666667 0.9399999999999998 4.31 2.52
587 CsPdP2S6 3.196755341018953 1.8066666666666666 4.666666666666667 0.9800000000000001 4.31 2.45
588 CsPdP2Se6 3.0218426275892103 1.7291666666666667 4.666666666666667 0.9249999999999998 4.31 2.45
589 CsInP2S6 3.1383244745717422 1.74 2.8333333333333335 1.0549999999999997 4.31 2.05
590 CsInP2Se6 2.9676634618222715 1.6624999999999999 2.8333333333333335 1.0 4.31 2.05
591 CsSbP2S6 2.1216273983902765 1.6925 2.5 0.9699999999999999 4.31 1.765
592 CsSbP2Se6 2.0249459774775405 1.615 2.5 0.915 4.31 1.765
593 CsLaP2S6 2.4605264237840982 1.9116666666666664 2.8333333333333335 1.1016666666666666 4.31 3.08
594 CsLaP2Se6 2.3391851389257843 1.8341666666666665 2.8333333333333335 1.0466666666666666 4.31 3.08
595 CsCeP2S6 2.3249668136265695 2.2116666666666664 2.8333333333333335 1.1433333333333333 4.31 4.5
596 CsCeP2Se6 2.2134894743464866 2.1341666666666663 2.8333333333333335 1.0883333333333332 4.31 4.5
597 CsPrP2S6 2.4780556837182615 2.2016666666666667 2.8333333333333335 1.1433333333333333 4.31 4.48
598 CsPrP2Se6 2.3554388886558657 2.1241666666666665 2.8333333333333335 1.0883333333333332 4.31 4.48
599 CsNdP2S6 2.5820626259942965 2.063333333333333 2.8333333333333335 1.1266666666666667 4.31 3.99
600 CsNdP2Se6 2.451877803721016 1.9858333333333331 2.8333333333333335 1.0716666666666665 4.31 3.99
601 CsPmP2S6 2.585568477981129 2.063333333333333 2.8333333333333335 1.135 4.31 3.99
602 CsPmP2Se6 2.455128553667033 1.9858333333333331 2.8333333333333335 1.08 4.31 3.99
603 CsSmP2S6 2.6381562577836193 2.088333333333333 2.8333333333333335 1.1266666666666667 4.31 4.14
604 CsSmP2Se6 2.5038898028572776 2.0108333333333333 2.8333333333333335 1.0716666666666665 4.31 4.14
605 CsEuP2S6 2.3518450121922867 2.0549999999999997 2.8333333333333335 1.135 4.31 3.94
606 CsEuP2Se6 2.2384118905992785 1.9775 2.8333333333333335 1.08 4.31 3.94
607 CsGdP2S6 2.9186244167302298 2.05 2.8333333333333335 1.1433333333333333 4.31 3.91
608 CsGdP2Se6 2.763949798538583 1.9725 2.8333333333333335 1.0883333333333332 4.31 3.91
609 CsTbP2S6 2.970043579203775 2.0466666666666664 2.8333333333333335 1.1266666666666667 4.31 3.89
610 CsTbP2Se6 2.8116274644134887 1.9691666666666665 2.8333333333333335 1.0716666666666665 4.31 3.89
611 CsDyP2S6 3.0296430629799302 2.01 2.8333333333333335 1.135 4.31 3.67
612 CsDyP2Se6 2.866890213495766 1.9324999999999999 2.8333333333333335 1.08 4.31 3.67
613 CsHoP2S6 3.0927483987429176 2.0066666666666664 2.8333333333333335 1.1266666666666667 4.31 3.65
614 CsHoP2Se6 2.92540371252406 1.9291666666666665 2.8333333333333335 1.0716666666666665 4.31 3.65
615 CsErP2S6 3.1348186225849095 2.003333333333333 2.8333333333333335 1.1266666666666667 4.31 3.63
616 CsErP2Se6 2.964412711876255 1.925833333333333 2.8333333333333335 1.0716666666666665 4.31 3.63
617 CsTmP2S6 3.1909122543742314 1.998333333333333 2.8333333333333335 1.1266666666666667 4.31 3.6
618 CsTmP2Se6 3.0164247110125157 1.9208333333333334 2.8333333333333335 1.0716666666666665 4.31 3.6
619 CsYbP2S6 2.336652986916012 1.9966666666666664 2.8333333333333335 1.1433333333333333 4.31 3.59
620 CsYbP2Se6 2.2243253074998743 1.9191666666666665 2.8333333333333335 1.0883333333333332 4.31 3.59
621 CsLuP2S6 3.3194601605580956 1.9599999999999997 2.8333333333333335 1.1266666666666667 4.31 3.37
622 CsLuP2Se6 3.1356188756997807 1.8825 2.8333333333333335 1.0716666666666665 4.31 3.37
623 CsHfP2S6 3.6957549404781322 1.883333333333333 2.6666666666666665 1.0383333333333333 4.31 2.91
624 CsHfP2Se6 3.484532703238866 1.8058333333333332 2.6666666666666665 0.9833333333333334 4.31 2.91
625 CsTaP2S6 4.88774461600123 1.8633333333333333 2.5 1.0033333333333332 4.31 2.79
626 CsTaP2Se6 4.589787684884413 1.7858333333333334 2.5 0.9483333333333336 4.31 2.79
627 CsWP2S6 5.331819201000031 1.8541666666666663 2.6666666666666665 1.028333333333333 4.31 2.735
628 CsWP2Se6 5.001549344713147 1.7766666666666664 2.6666666666666665 0.9733333333333333 4.31 2.735
629 CsReP2S6 4.9321520745011105 1.8449999999999998 3.1666666666666665 0.9833333333333333 4.31 2.68
630 CsReP2Se6 4.630963850867286 1.7674999999999998 3.1666666666666665 0.9283333333333333 4.31 2.68
631 CsOsP2S6 5.1565266016584 1.8399999999999999 3.6666666666666665 1.0183333333333333 4.31 2.65
632 CsOsP2Se6 4.839011847412331 1.7624999999999995 3.6666666666666665 0.9633333333333335 4.31 2.65
633 CsIrP2S6 4.253185406384522 1.8363333333333332 4.166666666666667 1.0149999999999997 4.31 2.628
634 CsIrP2Se6 4.00140194465546 1.7588333333333332 4.166666666666667 0.96 4.31 2.628
635 CsPtP2S6 3.4538511533866796 1.8483333333333334 4.666666666666667 1.0083333333333333 4.31 2.7
636 CsPtP2Se6 3.26023095696374 1.7708333333333333 4.666666666666667 0.9533333333333331 4.31 2.7
637 CsTlP2S6 3.7541858069253426 1.770833333333333 2.8333333333333335 1.045 4.31 2.235
638 CsTlP2Se6 3.538711869005805 1.6933333333333327 2.8333333333333335 0.9900000000000002 4.31 2.235
639 CsBiP2S6 1.8649113102316084 1.7311666666666665 2.5 0.9699999999999999 4.31 1.997
640 CsBiP2Se6 1.7986720661896207 1.6536666666666662 2.5 0.915 4.31 1.997
641 CsAuP2S6 2.627638701823121 1.8416666666666666 5.166666666666667 1.1283333333333332 4.31 2.66
642 CsAuP2Se6 2.4941375530192285 1.7641666666666664 5.166666666666667 1.0733333333333333 4.31 2.66
643 CsBP2S6 3.7541858069253426 1.785833333333333 2.8333333333333335 1.01 4.31 0.785
644 CsBP2Se6 3.538711869005805 1.7699999999999996 2.8333333333333335 0.9550000000000001 4.31 0.785
645 TlAlP2S6 2.777159664705847 0.6399999999999998 1.8333333333333333 0.61 2.235 1.675
646 TlAlP2Se6 2.4368535422568676 0.5625 1.8333333333333333 0.555 2.235 1.675
647 TlScP2S6 3.1169894291360873 0.9908333333333332 1.8333333333333333 0.68 2.235 2.75
648 TlScP2Se6 2.6934350073673805 0.9133333333333332 1.8333333333333333 0.625 2.235 2.75
649 TlTiP2S6 3.181444519731668 0.9058333333333333 1.6666666666666667 0.5566666666666666 2.235 2.58
650 TlTiP2Se6 2.7470907782350693 0.8283333333333333 1.6666666666666667 0.5016666666666667 2.235 2.58
651 TlVP2S6 3.3141028730812123 0.8308333333333334 1.5 0.4966666666666666 2.235 2.43
652 TlVP2Se6 2.858320560156042 0.7533333333333334 1.5 0.44166666666666665 2.235 2.43
653 TlCrP2S6 3.30659466372756 0.8358333333333333 1.6666666666666667 0.5333333333333333 2.235 2.44
654 TlCrP2Se6 2.8520028269928663 0.7583333333333333 1.6666666666666667 0.47833333333333333 2.235 2.44
655 TlMnP2S6 2.9766898785897347 0.7308333333333333 2.1666666666666665 0.5266666666666666 2.235 2.22
656 TlMnP2Se6 2.5781354568210273 0.6533333333333333 2.1666666666666665 0.4716666666666667 2.235 2.22
657 TlFeP2S6 3.117489354727961 0.7124999999999999 2.6666666666666665 0.595 2.235 2.11
658 TlFeP2Se6 2.6938498989456483 0.6349999999999999 2.6666666666666665 0.54 2.235 2.11
659 TlCoP2S6 3.0956176369752146 0.6974999999999999 3.1666666666666665 0.58 2.235 2.02
660 TlCoP2Se6 2.675719677791541 0.62 3.1666666666666665 0.525 2.235 2.02
661 TlNiP2S6 3.0759669225289095 0.7241666666666666 3.6666666666666665 0.5733333333333333 2.235 2.18
662 TlNiP2Se6 2.6594703238894537 0.6466666666666666 3.6666666666666665 0.5183333333333333 2.235 2.18
663 TlGaP2S6 3.747698072059141 0.6433333333333332 1.8333333333333333 0.5833333333333334 2.235 1.695
664 TlGaP2Se6 3.5320456394689437 0.5658333333333333 1.8333333333333333 0.5283333333333334 2.235 1.695
665 TlYP2S6 3.098089899261725 1.0858333333333332 1.8333333333333333 0.725 2.235 2.94
666 TlYP2Se6 2.677766770010025 1.0083333333333333 1.8333333333333333 0.6699999999999999 2.235 2.94
667 TlZrP2S6 3.2809647270886573 1.028333333333333 1.6666666666666667 0.5833333333333334 2.235 2.825
668 TlZrP2Se6 2.8304545230070253 0.9508333333333333 1.6666666666666667 0.5283333333333334 2.235 2.825
669 TlNbP2S6 3.697499209578884 0.9958333333333331 1.5 0.5283333333333333 2.235 2.76
670 TlNbP2Se6 3.192397168762558 0.9183333333333331 1.5 0.4733333333333334 2.235 2.76
671 TlMoP2S6 3.780203775663189 0.9758333333333334 1.6666666666666667 0.5433333333333333 2.235 2.72
672 TlMoP2Se6 3.2648976532142093 0.8983333333333334 1.6666666666666667 0.48833333333333334 2.235 2.72
673 TlTcP2S6 3.49280540852023 0.9408333333333333 2.1666666666666665 0.5033333333333333 2.235 2.65
674 TlTcP2Se6 3.0129584697447194 0.8633333333333333 2.1666666666666665 0.4483333333333333 2.235 2.65
675 TlRuP2S6 3.6492548793630397 0.9183333333333333 2.6666666666666665 0.5383333333333332 2.235 2.605
676 TlRuP2Se6 3.1501052194990944 0.8408333333333333 2.6666666666666665 0.48333333333333334 2.235 2.605
677 TlRhP2S6 3.3404925120931614 0.8758333333333334 3.1666666666666665 0.535 2.235 2.52
678 TlRhP2Se6 2.8805435325013256 0.7983333333333333 3.1666666666666665 0.48000000000000004 2.235 2.52
679 TlPdP2S6 3.122996994618807 0.8408333333333332 3.6666666666666665 0.5199999999999999 2.235 2.45
680 TlPdP2Se6 2.6984221646868343 0.7633333333333333 3.6666666666666665 0.465 2.235 2.45
681 TlInP2S6 3.098089899261725 0.7024999999999998 1.8333333333333333 0.615 2.235 2.05
682 TlInP2Se6 2.677766770010025 0.6249999999999999 1.8333333333333333 0.56 2.235 2.05
683 TlSbP2S6 2.7698301092690483 0.6549999999999998 1.5 0.5099999999999999 2.235 1.765
684 TlSbP2Se6 2.4234865718540823 0.5775 1.5 0.455 2.235 1.765
685 TlLaP2S6 2.84549289906056 1.1558333333333333 1.8333333333333333 0.7549999999999999 2.235 3.08
686 TlLaP2Se6 2.4744894977000156 1.0783333333333334 1.8333333333333333 0.6999999999999998 2.235 3.08
687 TlCeP2S6 2.808559102410215 1.8658333333333335 1.8333333333333333 0.8799999999999999 2.235 4.5
688 TlCeP2Se6 2.447419646627902 1.788333333333333 1.8333333333333333 0.8249999999999998 2.235 4.5
689 TlPrP2S6 2.850754127486421 1.8558333333333337 1.8333333333333333 0.8799999999999999 2.235 4.48
690 TlPrP2Se6 2.478475215921795 1.7783333333333333 1.8333333333333333 0.8249999999999998 2.235 4.48
691 TlNdP2S6 2.8838689958476142 1.6108333333333336 1.8333333333333333 0.8300000000000001 2.235 3.99
692 TlNdP2Se6 2.5040220570721043 1.5333333333333334 1.8333333333333333 0.775 2.235 3.99
693 TlPmP2S6 2.885037171367221 1.6108333333333336 1.8333333333333333 0.855 2.235 3.99
694 TlPmP2Se6 2.504935130550894 1.5333333333333334 1.8333333333333333 0.8000000000000002 2.235 3.99
695 TlSmP2S6 2.9029249149986875 1.685833333333333 1.8333333333333333 0.8300000000000001 2.235 4.14
696 TlSmP2Se6 2.5189963435701164 1.6083333333333332 1.8333333333333333 0.775 2.235 4.14
697 TlEuP2S6 2.8153020351296214 1.5858333333333334 1.8333333333333333 0.855 2.235 3.94
698 TlEuP2Se6 2.4522067970343833 1.5083333333333335 1.8333333333333333 0.8000000000000002 2.235 3.94
699 TlGdP2S6 3.007787230523668 1.5708333333333335 1.8333333333333333 0.8799999999999999 2.235 3.91
700 TlGdP2Se6 2.6034504958297906 1.4933333333333332 1.8333333333333333 0.8249999999999998 2.235 3.91
701 TlTbP2S6 3.0283913399190454 1.5608333333333337 1.8333333333333333 0.8300000000000001 2.235 3.89
702 TlTbP2Se6 2.620313108626529 1.4833333333333334 1.8333333333333333 0.775 2.235 3.89
703 TlDyP2S6 3.0527015403862694 1.4508333333333334 1.8333333333333333 0.855 2.235 3.67
704 TlDyP2Se6 2.640286574399875 1.3733333333333333 1.8333333333333333 0.8000000000000002 2.235 3.67
705 TlHoP2S6 3.0788997681560795 1.4408333333333332 1.8333333333333333 0.8300000000000001 2.235 3.65
706 TlHoP2Se6 2.661892965434991 1.3633333333333335 1.8333333333333333 0.775 2.235 3.65
707 TlErP2S6 3.0966061273525582 1.4308333333333332 1.8333333333333333 0.8300000000000001 2.235 3.63
708 TlErP2Se6 2.676538100141674 1.3533333333333333 1.8333333333333333 0.775 2.235 3.63
709 TlTmP2S6 3.1204916069838275 1.4158333333333335 1.8333333333333333 0.8300000000000001 2.235 3.6
710 TlTmP2Se6 2.696341947119882 1.3383333333333336 1.8333333333333333 0.775 2.235 3.6
711 TlYbP2S6 2.811452114868725 1.4108333333333334 1.8333333333333333 0.8799999999999999 2.235 3.59
712 TlYbP2Se6 2.4494623189503573 1.3333333333333333 1.8333333333333333 0.8249999999999998 2.235 3.59
713 TlLuP2S6 3.176303035641691 1.300833333333333 1.8333333333333333 0.8300000000000001 2.235 3.37
714 TlLuP2Se6 2.7427996342811465 1.2233333333333334 1.8333333333333333 0.775 2.235 3.37
715 TlHfP2S6 3.3464396486563976 1.0708333333333333 1.6666666666666667 0.5783333333333333 2.235 2.91
716 TlHfP2Se6 2.885555294914901 0.9933333333333333 1.6666666666666667 0.5233333333333333 2.235 2.91
717 TlTaP2S6 4.0421015682634875 1.010833333333333 1.5 0.5433333333333333 2.235 2.79
718 TlTaP2Se6 3.4944825206444396 0.9333333333333332 1.5 0.48833333333333334 2.235 2.79
719 TlWP2S6 4.303999360863785 0.9833333333333333 1.6666666666666667 0.5683333333333332 2.235 2.735
720 TlWP2Se6 3.7240673880746704 0.9058333333333333 1.6666666666666667 0.5133333333333333 2.235 2.735
721 TlReP2S6 4.068291347523517 0.9558333333333334 2.1666666666666665 0.5233333333333333 2.235 2.68
722 TlReP2Se6 3.517441007387463 0.8783333333333334 2.1666666666666665 0.4683333333333333 2.235 2.68
723 TlOsP2S6 4.200618653258405 0.9408333333333333 2.6666666666666665 0.5583333333333332 2.235 2.65
724 TlOsP2Se6 3.633441782510106 0.8633333333333333 2.6666666666666665 0.5033333333333333 2.235 2.65
725 TlIrP2S6 3.667863406732008 0.9298333333333333 3.1666666666666665 0.5549999999999999 2.235 2.628
726 TlIrP2Se6 3.166417828500716 0.8523333333333333 3.1666666666666665 0.5 2.235 2.628
727 TlPtP2S6 3.2360364682777933 0.9658333333333332 3.6666666666666665 0.5483333333333333 2.235 2.7
728 TlPtP2Se6 2.7927541553526236 0.8883333333333333 3.6666666666666665 0.4933333333333334 2.235 2.7
729 TlTlP2S6 3.373572992415357 0.7333333333333333 1.8333333333333333 0.585 2.235 2.235
730 TlTlP2Se6 2.9084369379935886 0.6558333333333333 1.8333333333333333 0.53 2.235 2.235
731 TlBiP2S6 2.9895387897856605 0.6936666666666665 1.5 0.5099999999999999 2.235 1.997
732 TlBiP2Se6 2.673637429241442 0.6161666666666666 1.5 0.455 2.235 1.997
733 TlAuP2S6 2.899294198373134 0.9458333333333333 4.166666666666667 0.835 2.235 2.66
734 TlAuP2Se6 2.5161309330670116 0.8683333333333333 4.166666666666667 0.7799999999999999 2.235 2.66
735 TlBP2S6 3.373572992415357 0.7483333333333332 1.8333333333333333 0.5499999999999999 2.235 0.785
736 TlBP2Se6 2.9084369379935886 0.7324999999999999 1.8333333333333333 0.49500000000000005 2.235 0.785
737 AuAlP2S6 1.9895124152667256 0.8525 4.166666666666667 0.8433333333333333 2.66 1.675
738 AuAlP2Se6 1.7311790819333919 0.775 4.166666666666667 0.7883333333333334 2.66 1.675
739 AuScP2S6 2.5367048801763117 1.0616666666666668 4.166666666666667 0.8666666666666666 2.66 2.75
740 AuScP2Se6 2.19512324752325 0.9841666666666667 4.166666666666667 0.8116666666666669 2.66 2.75
741 AuTiP2S6 2.63087429410473 1.0033333333333334 3.6666666666666665 0.8066666666666666 2.66 2.58
742 AuTiP2Se6 2.278493341723777 0.9258333333333334 3.6666666666666665 0.7516666666666666 2.66 2.58
743 AuVP2S6 2.8177301390650555 0.9783333333333334 3.1666666666666665 0.7466666666666666 2.66 2.43
744 AuVP2Se6 2.4439206152555313 0.9008333333333335 3.1666666666666665 0.6916666666666668 2.66 2.43
745 AuCrP2S6 2.8073492587894813 0.98 3.0 0.7833333333333332 2.66 2.44
746 AuCrP2Se6 2.4347302111704336 0.9025000000000002 3.0 0.7283333333333335 2.66 2.44
747 AuMnP2S6 2.318706394389265 0.9433333333333334 3.1666666666666665 0.7766666666666667 2.66 2.22
748 AuMnP2Se6 2.0021247617362037 0.8658333333333336 3.1666666666666665 0.7216666666666667 2.66 2.22
749 AuFeP2S6 2.5374463716245668 0.9249999999999999 3.3333333333333335 0.8383333333333333 2.66 2.11
750 AuFeP2Se6 2.1957797049579004 0.8475000000000001 3.3333333333333335 0.7833333333333335 2.66 2.11
751 AuCoP2S6 2.5048207479013356 0.91 3.5 0.83 2.66 2.02
752 AuCoP2Se6 2.166895577833308 0.8325000000000001 3.5 0.775 2.66 2.02
753 AuNiP2S6 2.475161089971125 0.9366666666666666 3.6666666666666665 0.8233333333333333 2.66 2.18
754 AuNiP2Se6 2.1406372804473155 0.8591666666666669 3.6666666666666665 0.7683333333333332 2.66 2.18
755 AuGaP2S6 2.622906771676464 0.8558333333333333 4.166666666666667 0.8333333333333334 2.66 1.695
756 AuGaP2Se6 2.4892271282019123 0.7783333333333334 4.166666666666667 0.7783333333333333 2.66 1.695
757 AuYP2S6 2.508528205142612 1.1566666666666665 4.166666666666667 0.8816666666666667 2.66 2.94
758 AuYP2Se6 2.1701778650065573 1.0791666666666668 4.166666666666667 0.8266666666666668 2.66 2.94
759 AuZrP2S6 2.7717576692732293 1.0991666666666666 3.6666666666666665 0.8333333333333334 2.66 2.825
760 AuZrP2Se6 2.4032202543072425 1.0216666666666667 3.6666666666666665 0.7783333333333333 2.66 2.825
761 AuNbP2S6 3.2477951790531066 1.0666666666666667 3.1666666666666665 0.7783333333333333 2.66 2.76
762 AuNbP2Se6 2.824665927352426 0.9891666666666666 3.1666666666666665 0.7233333333333333 2.66 2.76
763 AuMoP2S6 3.336774152843738 1.0466666666666666 3.0 0.7933333333333333 2.66 2.72
764 AuMoP2Se6 2.9034408195104047 0.9691666666666668 3.0 0.7383333333333333 2.66 2.72
765 AuTcP2S6 3.027572218921294 1.015 3.1666666666666665 0.7533333333333333 2.66 2.65
766 AuTcP2Se6 2.6296980692614302 0.9375000000000001 3.1666666666666665 0.6983333333333333 2.66 2.65
767 AuRuP2S6 3.1958907776752383 1.0075 3.3333333333333335 0.7883333333333332 2.66 2.605
768 AuRuP2Se6 2.778713906926939 0.9300000000000002 3.3333333333333335 0.7333333333333334 2.66 2.605
769 AuRhP2S6 2.854063220029563 0.9933333333333333 3.5 0.785 2.66 2.52
770 AuRhP2Se6 2.4760870295533723 0.9158333333333335 3.5 0.7300000000000001 2.66 2.52
771 AuPdP2S6 2.545602777555375 0.9816666666666666 3.6666666666666665 0.7699999999999999 2.66 2.45
772 AuPdP2Se6 2.2030007367390483 0.9041666666666668 3.6666666666666665 0.7150000000000002 2.66 2.45
773 AuInP2S6 2.508528205142612 0.9149999999999999 4.166666666666667 0.8450000000000001 2.66 2.05
774 AuInP2Se6 2.1701778650065573 0.8374999999999999 4.166666666666667 0.79 2.66 2.05
775 AuSbP2S6 1.9973664004495142 0.8675 3.1666666666666665 0.7599999999999999 2.66 1.765
776 AuSbP2Se6 1.7329956521501944 0.79 3.1666666666666665 0.7050000000000001 2.66 1.765
777 AuLaP2S6 2.116280133899384 1.2266666666666668 4.166666666666667 0.8916666666666666 2.66 3.08
778 AuLaP2Se6 1.8272495216544866 1.1491666666666667 4.166666666666667 0.8366666666666666 2.66 3.08
779 AuCeP2S6 2.0648410068410548 1.9366666666666668 4.166666666666667 0.9633333333333333 2.66 4.5
780 AuCeP2Se6 1.7856743401743882 1.8591666666666666 4.166666666666667 0.9083333333333332 2.66 4.5
781 AuPrP2S6 2.1232136449007553 1.926666666666667 4.166666666666667 0.9633333333333333 2.66 4.48
782 AuPrP2Se6 1.8329075224517757 1.8491666666666668 4.166666666666667 0.9083333333333332 2.66 4.48
783 AuNdP2S6 2.1654551103845328 1.6816666666666669 4.166666666666667 0.9166666666666666 2.66 3.99
784 AuNdP2Se6 1.8675809607246687 1.6041666666666667 4.166666666666667 0.8616666666666667 2.66 3.99
785 AuPmP2S6 2.1669091526973303 1.6816666666666669 4.166666666666667 0.9383333333333334 2.66 3.99
786 AuPmP2Se6 1.8687799009966497 1.6041666666666667 4.166666666666667 0.8833333333333334 2.66 3.99
787 AuSmP2S6 2.19116986528936 1.7566666666666666 4.166666666666667 0.9166666666666666 2.66 4.14
788 AuSmP2Se6 1.8892140829764352 1.6791666666666663 4.166666666666667 0.8616666666666667 2.66 4.14
789 AuEuP2S6 2.0747031539888683 1.656666666666667 4.166666666666667 0.9383333333333334 2.66 3.94
790 AuEuP2Se6 1.7935807050092762 1.5791666666666666 4.166666666666667 0.8833333333333334 2.66 3.94
791 AuGdP2S6 2.3691278128706226 1.6416666666666668 4.166666666666667 0.9633333333333333 2.66 3.91
792 AuGdP2Se6 2.0467638672923916 1.5641666666666667 4.166666666666667 0.9083333333333332 2.66 3.91
793 AuTbP2S6 2.401753436593854 1.631666666666667 4.166666666666667 0.9166666666666666 2.66 3.89
794 AuTbP2Se6 2.0756479944169834 1.554166666666667 4.166666666666667 0.8616666666666667 2.66 3.89
795 AuDyP2S6 2.4395695004548723 1.5216666666666667 4.166666666666667 0.9383333333333334 2.66 3.67
796 AuDyP2Se6 2.1091273235841244 1.4441666666666666 4.166666666666667 0.8833333333333334 2.66 3.67
797 AuHoP2S6 2.4796100386606565 1.5116666666666667 4.166666666666667 0.9166666666666666 2.66 3.65
798 AuHoP2Se6 2.144576025055214 1.4341666666666668 4.166666666666667 0.8616666666666667 2.66 3.65
799 AuErP2S6 2.5063037307978457 1.5016666666666667 4.166666666666667 0.9166666666666666 2.66 3.63
800 AuErP2Se6 2.168208492702608 1.4241666666666666 4.166666666666667 0.8616666666666667 2.66 3.63
801 AuTmP2S6 2.5418953203140986 1.486666666666667 4.166666666666667 0.9166666666666666 2.66 3.6
802 AuTmP2Se6 2.199718449565799 1.4091666666666667 4.166666666666667 0.8616666666666667 2.66 3.6
803 AuYbP2S6 2.0691064187520856 1.4816666666666667 4.166666666666667 0.9633333333333333 2.66 3.59
804 AuYbP2Se6 1.7890894119493643 1.4041666666666666 4.166666666666667 0.9083333333333332 2.66 3.59
805 AuLuP2S6 2.6234593796221772 1.3716666666666668 4.166666666666667 0.9166666666666666 2.66 3.37
806 AuLuP2Se6 2.2719287673772794 1.2941666666666667 4.166666666666667 0.8616666666666667 2.66 3.37
807 AuHfP2S6 2.862219625960371 1.1416666666666668 3.6666666666666665 0.8283333333333333 2.66 2.91
808 AuHfP2Se6 2.48330806133452 1.0641666666666667 3.6666666666666665 0.7733333333333334 2.66 2.91
809 AuTaP2S6 3.6185409031807367 1.0816666666666666 3.1666666666666665 0.7933333333333333 2.66 2.79
810 AuTaP2Se6 3.1528946446773354 1.0041666666666667 3.1666666666666665 0.7383333333333333 2.66 2.79
811 AuWP2S6 3.9003076535177357 1.0541666666666665 3.0 0.8183333333333334 2.66 2.735
812 AuWP2Se6 3.4023484698442665 0.9766666666666667 3.0 0.7633333333333333 2.66 2.735
813 AuReP2S6 3.6467175782144365 1.0266666666666666 3.1666666666666665 0.7733333333333333 2.66 2.68
814 AuReP2Se6 3.1778400271940286 0.9491666666666668 3.1666666666666665 0.7183333333333334 2.66 2.68
815 AuOsP2S6 3.7890839362794466 1.015 3.3333333333333335 0.8083333333333332 2.66 2.65
816 AuOsP2Se6 3.303879854646794 0.9375000000000001 3.3333333333333335 0.7533333333333333 2.66 2.65
817 AuIrP2S6 3.21591104677813 1.0113333333333334 3.5 0.805 2.66 2.628
818 AuIrP2Se6 2.796438257662484 0.9338333333333334 3.5 0.75 2.66 2.628
819 AuPtP2S6 2.708730896171532 1.0366666666666666 3.6666666666666665 0.7983333333333333 2.66 2.7
820 AuPtP2Se6 2.347421372362008 0.9591666666666668 3.6666666666666665 0.7433333333333335 2.66 2.7
821 AuTlP2S6 2.899294198373134 0.9458333333333333 4.166666666666667 0.835 2.66 2.235
822 AuTlP2Se6 2.5161309330670116 0.8683333333333335 4.166666666666667 0.7799999999999999 2.66 2.235
823 AuBiP2S6 2.1001992914639227 0.9061666666666667 3.1666666666666665 0.7599999999999999 2.66 1.997
824 AuBiP2Se6 1.8662707200353514 0.8286666666666666 3.1666666666666665 0.7050000000000001 2.66 1.997
825 AuAuP2S6 2.1844964422550626 1.0166666666666668 3.8333333333333335 0.9183333333333333 2.66 2.66
826 AuAuP2Se6 1.8833059660645866 0.9391666666666668 3.8333333333333335 0.8633333333333333 2.66 2.66
827 AuBP2S6 2.899294198373134 0.9608333333333334 4.166666666666667 0.7999999999999999 2.66 0.785
828 AuBP2Se6 2.5161309330670116 0.945 4.166666666666667 0.7450000000000001 2.66 0.785
829 FrAlP2S6 2.0890445817996404 1.7075000000000002 2.8333333333333335 1.0883333333333332 4.37 1.675
830 FrAlP2Se6 2.00006185560336 1.6300000000000001 2.8333333333333335 1.0333333333333332 4.37 1.675
831 FrScP2S6 3.2348249195327576 1.8866666666666667 2.8333333333333335 1.1116666666666666 4.37 2.75
832 FrScP2Se6 3.0625938940167488 1.8091666666666668 2.8333333333333335 1.0566666666666666 4.37 2.75
833 FrTiP2S6 3.385392203250607 1.8583333333333334 2.6666666666666665 1.0516666666666667 4.37 2.58
834 FrTiP2Se6 3.2023618580067073 1.780833333333333 2.6666666666666665 0.9966666666666667 4.37 2.58
835 FrVP2S6 3.6841556323600404 1.8333333333333333 2.5 0.9916666666666666 4.37 2.43
836 FrVP2Se6 3.4796967156875698 1.7558333333333334 2.5 0.9366666666666669 4.37 2.43
837 FrCrP2S6 3.6675576640761833 1.835 2.6666666666666665 1.0283333333333333 4.37 2.44
838 FrCrP2Se6 3.464289223594188 1.7574999999999996 2.6666666666666665 0.9733333333333333 4.37 2.44
839 FrMnP2S6 2.8862675855717517 1.7983333333333331 3.1666666666666665 1.0216666666666665 4.37 2.22
840 FrMnP2Se6 2.739036560055743 1.7208333333333332 3.1666666666666665 0.9666666666666668 4.37 2.22
841 FrFeP2S6 3.23601048869589 1.78 3.6666666666666665 1.0833333333333333 4.37 2.11
842 FrFeP2Se6 3.063694429166276 1.7025 3.6666666666666665 1.0283333333333333 4.37 2.11
843 FrCoP2S6 3.1838454455180525 1.765 4.166666666666667 1.075 4.37 2.02
844 FrCoP2Se6 3.015270882587078 1.6875 4.166666666666667 1.0199999999999998 4.37 2.02
845 FrNiP2S6 3.1364226789927456 1.7916666666666667 4.666666666666667 1.0683333333333331 4.37 2.18
846 FrNiP2Se6 2.9712494766059887 1.7141666666666666 4.666666666666667 1.0133333333333334 4.37 2.18
847 FrGaP2S6 1.9542835308466422 1.7108333333333334 2.8333333333333335 1.0783333333333334 4.37 1.695
848 FrGaP2Se6 1.9899544945091432 1.6333333333333335 2.8333333333333335 1.0233333333333334 4.37 1.695
849 FrYP2S6 3.1897732913337156 1.9183333333333332 2.8333333333333335 1.1266666666666667 4.37 2.94
850 FrYP2Se6 3.020773558334714 1.8408333333333333 2.8333333333333335 1.0716666666666665 4.37 2.94
851 FrZrP2S6 3.610650344245815 1.899166666666667 2.6666666666666665 1.0783333333333334 4.37 2.825
852 FrZrP2Se6 3.4114635364168806 1.821666666666667 2.6666666666666665 1.0233333333333334 4.37 2.825
853 FrNbP2S6 4.3717857469769905 1.8883333333333334 2.5 1.0233333333333332 4.37 2.76
854 FrNbP2Se6 4.1180071024133635 1.8108333333333333 2.5 0.9683333333333334 4.37 2.76
855 FrMoP2S6 4.5140540465529115 1.8816666666666666 2.6666666666666665 1.0383333333333333 4.37 2.72
856 FrMoP2Se6 4.250071320356631 1.8041666666666665 2.6666666666666665 0.9833333333333334 4.37 2.72
857 FrTcP2S6 4.019671705526587 1.8699999999999999 3.1666666666666665 0.9983333333333332 4.37 2.65
858 FrTcP2Se6 3.791148163003776 1.7924999999999998 3.1666666666666665 0.9433333333333334 4.37 2.65
859 FrRuP2S6 4.288795905557703 1.8625 3.6666666666666665 1.0333333333333332 4.37 2.605
860 FrRuP2Se6 4.0409696419464565 1.785 3.6666666666666665 0.9783333333333332 4.37 2.605
861 FrRhP2S6 3.7422485213535417 1.8483333333333334 4.166666666666667 1.03 4.37 2.52
862 FrRhP2Se6 3.5336229380144037 1.7708333333333333 4.166666666666667 0.975 4.37 2.52
863 FrPdP2S6 3.24905174949035 1.836666666666667 4.666666666666667 1.015 4.37 2.45
864 FrPdP2Se6 3.0758003158110756 1.759166666666667 4.666666666666667 0.96 4.37 2.45
865 FrInP2S6 3.1897732913337156 1.7700000000000002 2.8333333333333335 1.0899999999999999 4.37 2.05
866 FrInP2Se6 3.020773558334714 1.6925000000000001 2.8333333333333335 1.0350000000000001 4.37 2.05
867 FrSbP2S6 2.1583281194082904 1.7225000000000001 2.5 1.005 4.37 1.765
868 FrSbP2Se6 2.0633079782460237 1.6450000000000002 2.5 0.9500000000000002 4.37 1.765
869 FrLaP2S6 2.502143176716766 1.9416666666666667 2.8333333333333335 1.1366666666666665 4.37 3.08
870 FrLaP2Se6 2.382463171608921 1.8641666666666667 2.8333333333333335 1.0816666666666668 4.37 3.08
871 FrCeP2S6 2.364617153793376 2.2216666666666667 2.8333333333333335 1.1783333333333332 4.37 4.5
872 FrCeP2Se6 2.254801094263762 2.1441666666666666 2.8333333333333335 1.1233333333333333 4.37 4.5
873 FrPrP2S6 2.5199267141637556 2.211666666666667 2.8333333333333335 1.1783333333333332 4.37 4.48
874 FrPrP2Se6 2.398971198851829 2.1341666666666668 2.8333333333333335 1.1233333333333333 4.37 4.48
875 FrNdP2S6 2.6254423696825637 2.0933333333333333 2.8333333333333335 1.1616666666666668 4.37 3.99
876 FrNdP2Se6 2.4969188271597527 2.015833333333333 2.8333333333333335 1.1066666666666667 4.37 3.99
877 FrPmP2S6 2.6289990771719616 2.0933333333333333 2.8333333333333335 1.17 4.37 3.99
878 FrPmP2Se6 2.5002204326083346 2.015833333333333 2.8333333333333335 1.1150000000000002 4.37 3.99
879 FrSmP2S6 2.682349689512932 2.1183333333333336 2.8333333333333335 1.1616666666666668 4.37 4.14
880 FrSmP2Se6 2.5497445143370596 2.040833333333333 2.8333333333333335 1.1066666666666667 4.37 4.14
881 FrEuP2S6 2.3918852445454273 2.0850000000000004 2.8333333333333335 1.17 4.37 3.94
882 FrEuP2Se6 2.2801134027028884 2.0075 2.8333333333333335 1.1150000000000002 4.37 3.94
883 FrGdP2S6 2.966886288664773 2.08 2.8333333333333335 1.1783333333333332 4.37 3.91
884 FrGdP2Se6 2.8138729502235944 2.0025 2.8333333333333335 1.1233333333333333 4.37 3.91
885 FrTbP2S6 3.0190513318426113 2.0766666666666667 2.8333333333333335 1.1616666666666668 4.37 3.89
886 FrTbP2Se6 2.8622964968027933 1.9991666666666668 2.8333333333333335 1.1066666666666667 4.37 3.89
887 FrDyP2S6 3.0795153591623774 2.04 2.8333333333333335 1.17 4.37 3.67
888 FrDyP2Se6 2.9184237894286817 1.9624999999999997 2.8333333333333335 1.1150000000000002 4.37 3.67
889 FrHoP2S6 3.1435360939715413 2.036666666666667 2.8333333333333335 1.1616666666666668 4.37 3.65
890 FrHoP2Se6 2.977852687503152 1.9591666666666667 2.8333333333333335 1.1066666666666667 4.37 3.65
891 FrErP2S6 3.186216583844318 2.0333333333333337 2.8333333333333335 1.1616666666666668 4.37 3.63
892 FrErP2Se6 3.0174719528861327 1.9558333333333329 2.8333333333333335 1.1066666666666667 4.37 3.63
893 FrTmP2S6 3.2431239036746864 2.0283333333333338 2.8333333333333335 1.1616666666666668 4.37 3.6
894 FrTmP2Se6 3.070297640063439 1.9508333333333334 2.8333333333333335 1.1066666666666667 4.37 3.6
895 FrYbP2S6 2.3764728454247024 2.026666666666667 2.8333333333333335 1.1783333333333332 4.37 3.59
896 FrYbP2Se6 2.265806445759034 1.9491666666666665 2.8333333333333335 1.1233333333333333 4.37 3.59
897 FrLuP2S6 3.3735365116192804 1.9900000000000002 2.8333333333333335 1.1616666666666668 4.37 3.37
898 FrLuP2Se6 3.191356506511435 1.9124999999999999 2.8333333333333335 1.1066666666666667 4.37 3.37
899 FrHfP2S6 3.755289782148001 1.9133333333333333 2.6666666666666665 1.0733333333333333 4.37 2.91
900 FrHfP2Se6 3.5457288246592036 1.8358333333333334 2.6666666666666665 1.0183333333333335 4.37 2.91
901 FrTaP2S6 4.964570328543328 1.8933333333333335 2.5 1.0383333333333333 4.37 2.79
902 FrTaP2Se6 4.668274677176979 1.8158333333333336 2.5 0.9833333333333334 4.37 2.79
903 FrWP2S6 5.415086610533742 1.8841666666666665 2.6666666666666665 1.0633333333333332 4.37 2.735
904 FrWP2Se6 5.086478033997326 1.8066666666666666 2.6666666666666665 1.0083333333333335 4.37 2.735
905 FrReP2S6 5.009621956742369 1.875 3.1666666666666665 1.0183333333333333 4.37 2.68
906 FrReP2Se6 4.710095012859013 1.7975 3.1666666666666665 0.9633333333333335 4.37 2.68
907 FrOsP2S6 5.237251236063842 1.8699999999999999 3.6666666666666665 1.0533333333333332 4.37 2.65
908 FrOsP2Se6 4.921397761568242 1.7924999999999998 3.6666666666666665 0.9983333333333334 4.37 2.65
909 FrIrP2S6 4.320806272962286 1.8663333333333334 4.166666666666667 1.0499999999999998 4.37 2.628
910 FrIrP2Se6 4.0706840909836925 1.7888333333333335 4.166666666666667 0.9950000000000001 4.37 2.628
911 FrPtP2S6 3.509876965379538 1.8783333333333336 4.666666666666667 1.0433333333333334 4.37 2.7
912 FrPtP2Se6 3.317918048707066 1.8008333333333335 4.666666666666667 0.9883333333333333 4.37 2.7
913 FrTlP2S6 3.8145682403046344 1.8008333333333333 2.8333333333333335 1.0799999999999998 4.37 2.235
914 FrTlP2Se6 3.6007555821355646 1.7233333333333334 2.8333333333333335 1.0250000000000001 4.37 2.235
915 FrBiP2S6 1.8955432746101541 1.7611666666666668 2.5 1.005 4.37 1.997
916 FrBiP2Se6 1.8309653103186356 1.6836666666666666 2.5 0.9500000000000002 4.37 1.997
917 FrAuP2S6 2.671679567044738 1.8716666666666668 5.166666666666667 1.1633333333333333 4.37 2.66
918 FrAuP2Se6 2.5398396979913147 1.7941666666666667 5.166666666666667 1.1083333333333334 4.37 2.66
919 FrBP2S6 3.8145682403046344 1.8158333333333332 2.8333333333333335 1.045 4.37 0.785
920 FrBP2Se6 3.6007555821355646 1.8 2.8333333333333335 0.9900000000000002 4.37 0.785
